#mum2 -11 to -10.3
# weight  -log(liklihood) T12  muj 
1   9.6   32.4   1.000e-11
1   12.4   33.5   1.000e-11
1   6.6   30.7   1.000e-11
1   13.0   22.6   1.000e-11
1   12.7   33.6   1.000e-11
1   11.9   33.3   1.000e-11
1   4.8   27.3   1.000e-11
1   4.8   27.3   1.000e-11
1   9.6   23.9   1.000e-11
1   5.1   26.8   1.000e-11
1   4.8   27.3   1.000e-11
1   4.8   28.7   1.000e-11
1   14.9   34.3   1.000e-11
1   5.5   29.8   1.000e-11
1   15.8   34.5   1.000e-11
1   13.6   33.9   1.000e-11
1   9.3   32.2   1.000e-11
1   6.4   30.6   1.000e-11
1   5.8   26.1   1.000e-11
1   4.7   28.6   1.000e-11
1   4.7   28.6   1.000e-11
1   7.1   25.2   1.000e-11
1   12.2   22.9   1.000e-11
1   13.8   22.4   1.000e-11
1   15.0   22.0   1.000e-11
1   28.8   18.8   1.000e-11
1   17.3   21.4   1.000e-11
1   27.0   19.2   1.000e-11
1   67.8   13.5   1.000e-11
1   23.9   19.8   1.000e-11
1   4.7   28.6   1.000e-11
1   7.8   24.7   1.000e-11
1   19.4   20.8   1.000e-11
1   28.7   18.8   1.000e-11
1   26.7   19.2   1.000e-11
1   27.3   19.1   1.000e-11
1   21.8   20.3   1.000e-11
1   19.1   20.9   1.000e-11
1   15.0   22.0   1.000e-11
1   26.0   19.4   1.000e-11
1   4.7   28.6   1.000e-11
1   4.7   28.4   1.000e-11
1   4.9   29.0   1.000e-11
1   6.8   30.9   1.000e-11
1   8.4   31.8   1.000e-11
1   11.7   33.2   1.000e-11
1   13.4   33.8   1.000e-11
1   7.2   31.1   1.000e-11
1   9.9   32.5   1.000e-11
1   10.1   32.6   1.000e-11
1   6.1   28.8   1.100e-11
1   16.4   21.7   1.100e-11
1   7.9   24.9   1.100e-11
1   85.5   12.1   1.100e-11
1   88.3   11.8   1.100e-11
1   34.1   18.0   1.100e-11
1   90.0   11.7   1.100e-11
1   70.2   13.4   1.100e-11
1   59.1   14.6   1.100e-11
1   93.2   11.4   1.100e-11
1   6.1   28.8   1.100e-11
1   22.4   35.1   1.100e-11
1   63.3   41.2   1.100e-11
1   25.6   35.8   1.100e-11
1   49.0   39.4   1.100e-11
1   71.6   42.1   1.100e-11
1   88.9   43.8   1.100e-11
1   88.5   43.8   1.100e-11
1   50.6   39.6   1.100e-11
1   70.7   42.0   1.100e-11
1   6.1   28.8   1.100e-11
1   8.3   30.6   1.100e-11
1   9.3   31.2   1.100e-11
1   5.8   27.0   1.100e-11
1   6.2   29.0   1.100e-11
1   10.1   31.5   1.100e-11
1   10.0   31.5   1.100e-11
1   13.7   32.9   1.100e-11
1   14.3   33.1   1.100e-11
1   22.0   35.0   1.100e-11
1   5.8   27.0   1.100e-11
1   6.1   26.5   1.100e-11
1   8.4   30.7   1.100e-11
1   12.9   32.6   1.100e-11
1   25.2   35.7   1.100e-11
1   32.7   37.1   1.100e-11
1   50.4   39.6   1.100e-11
1   55.7   40.3   1.100e-11
1   66.5   41.5   1.100e-11
1   73.4   42.2   1.100e-11
1   5.8   27.0   1.100e-11
1   5.7   27.2   1.100e-11
1   5.7   28.0   1.100e-11
1   6.3   29.1   1.100e-11
1   5.7   27.3   1.100e-11
1   5.7   27.9   1.100e-11
1   6.3   29.1   1.100e-11
1   6.0   28.7   1.100e-11
1   6.1   28.9   1.100e-11
1   5.9   28.4   1.100e-11
1   7.5   30.6   1.200e-11
1   18.6   35.6   1.200e-11
1   8.9   31.6   1.200e-11
1   7.4   30.4   1.200e-11
1   13.5   23.0   1.200e-11
1   8.6   25.1   1.200e-11
1   19.4   21.3   1.200e-11
1   48.3   16.2   1.200e-11
1   19.9   21.2   1.200e-11
1   10.2   24.3   1.200e-11
1   7.4   30.4   1.200e-11
1   13.9   34.0   1.200e-11
1   9.0   31.6   1.200e-11
1   16.2   34.8   1.200e-11
1   32.4   39.1   1.200e-11
1   36.6   40.0   1.200e-11
1   68.8   46.2   1.200e-11
1   51.5   43.0   1.200e-11
1   74.5   47.3   1.200e-11
1   92.5   51.0   1.200e-11
1   7.4   30.4   1.200e-11
1   8.5   31.3   1.200e-11
1   6.7   29.7   1.200e-11
1   15.4   34.5   1.200e-11
1   19.2   35.8   1.200e-11
1   26.7   37.8   1.200e-11
1   20.8   36.2   1.200e-11
1   13.3   33.7   1.200e-11
1   22.0   36.6   1.200e-11
1   22.0   36.6   1.200e-11
1   6.7   29.7   1.200e-11
1   12.5   33.4   1.200e-11
1   13.8   33.9   1.200e-11
1   18.3   35.5   1.200e-11
1   23.0   36.8   1.200e-11
1   12.7   33.5   1.200e-11
1   6.8   29.8   1.200e-11
1   9.5   31.9   1.200e-11
1   14.6   34.2   1.200e-11
1   10.8   32.6   1.200e-11
1   6.7   29.7   1.200e-11
1   9.6   32.0   1.200e-11
1   9.3   31.8   1.200e-11
1   6.4   29.1   1.200e-11
1   6.3   28.5   1.200e-11
1   6.5   29.4   1.200e-11
1   6.5   29.3   1.200e-11
1   6.5   29.3   1.200e-11
1   8.3   31.2   1.200e-11
1   7.8   30.8   1.200e-11
1   8.2   30.6   1.300e-11
1   7.6   29.6   1.300e-11
1   14.7   23.2   1.300e-11
1   12.3   33.8   1.300e-11
1   31.3   41.6   1.300e-11
1   39.1   44.6   1.300e-11
1   57.5   58.7   1.300e-11
1   57.7   59.2   1.300e-11
1   58.8   63.3   1.300e-11
1   59.0   64.3   1.300e-11
1   7.6   29.6   1.300e-11
1   7.5   29.3   1.300e-11
1   13.4   23.7   1.300e-11
1   20.6   21.5   1.300e-11
1   19.4   21.8   1.300e-11
1   15.9   22.8   1.300e-11
1   10.2   25.3   1.300e-11
1   27.5   20.0   1.300e-11
1   92.6   12.2   1.300e-11
1   93.9   12.1   1.300e-11
1   7.5   29.3   1.300e-11
1   7.7   30.0   1.300e-11
1   11.5   33.4   1.300e-11
1   7.4   28.4   1.300e-11
1   8.3   30.8   1.300e-11
1   9.3   31.8   1.300e-11
1   16.1   35.8   1.300e-11
1   16.4   35.9   1.300e-11
1   19.9   37.4   1.300e-11
1   28.6   40.6   1.300e-11
1   7.4   28.4   1.300e-11
1   7.7   27.4   1.300e-11
1   7.8   30.1   1.300e-11
1   16.4   35.9   1.300e-11
1   19.7   37.3   1.300e-11
1   25.9   39.7   1.300e-11
1   25.5   39.5   1.300e-11
1   15.9   35.7   1.300e-11
1   15.1   35.3   1.300e-11
1   15.0   35.3   1.300e-11
1   7.4   28.4   1.300e-11
1   7.6   27.8   1.300e-11
1   7.5   28.2   1.300e-11
1   7.4   28.5   1.300e-11
1   7.5   29.3   1.300e-11
1   7.8   30.2   1.300e-11
1   7.5   28.1   1.300e-11
1   7.6   27.7   1.300e-11
1   9.8   25.5   1.300e-11
1   11.1   24.7   1.300e-11
1   12.8   32.7   1.400e-11
1   13.7   33.3   1.400e-11
1   14.9   23.8   1.400e-11
1   17.3   22.9   1.400e-11
1   35.3   18.9   1.400e-11
1   29.0   20.1   1.400e-11
1   17.4   22.9   1.400e-11
1   14.0   24.1   1.400e-11
1   9.6   29.7   1.400e-11
1   9.6   27.2   1.400e-11
1   9.6   29.7   1.400e-11
1   9.6   29.8   1.400e-11
1   9.6   29.7   1.400e-11
1   10.1   26.5   1.400e-11
1   17.4   22.9   1.400e-11
1   15.8   23.5   1.400e-11
1   11.4   25.5   1.400e-11
1   9.6   29.8   1.400e-11
1   9.8   26.8   1.400e-11
1   38.2   18.5   1.400e-11
1   9.6   29.7   1.400e-11
1   10.1   30.5   1.400e-11
1   13.7   24.3   1.400e-11
1   29.7   19.9   1.400e-11
1   12.1   25.1   1.400e-11
1   9.9   26.7   1.400e-11
1   9.2   28.7   1.400e-11
1   9.4   27.6   1.400e-11
1   18.5   22.5   1.400e-11
1   29.5   20.0   1.400e-11
1   9.2   28.7   1.400e-11
1   9.7   29.9   1.400e-11
1   10.5   30.9   1.400e-11
1   11.5   31.8   1.400e-11
1   11.7   31.9   1.400e-11
1   11.7   32.0   1.400e-11
1   12.3   32.4   1.400e-11
1   15.3   34.1   1.400e-11
1   14.7   33.8   1.400e-11
1   11.5   31.8   1.400e-11
1   9.2   28.7   1.400e-11
1   9.3   28.8   1.400e-11
1   10.0   26.5   1.400e-11
1   9.5   27.4   1.400e-11
1   11.8   25.2   1.400e-11
1   13.1   24.5   1.400e-11
1   14.0   24.1   1.400e-11
1   12.3   24.9   1.400e-11
1   10.5   26.1   1.400e-11
1   9.8   26.8   1.400e-11
1   11.3   26.5   1.500e-11
1   11.4   29.5   1.500e-11
1   16.4   33.0   1.500e-11
1   37.4   39.7   1.500e-11
1   48.7   42.8   1.500e-11
1   59.4   46.0   1.500e-11
1   40.0   40.4   1.500e-11
1   43.0   41.2   1.500e-11
1   12.6   30.7   1.500e-11
1   10.9   28.8   1.500e-11
1   10.9   28.8   1.500e-11
1   32.6   19.7   1.500e-11
1   12.7   25.3   1.500e-11
1   11.2   26.7   1.500e-11
1   11.8   26.0   1.500e-11
1   16.0   32.8   1.500e-11
1   16.6   33.0   1.500e-11
1   15.4   32.4   1.500e-11
1   15.9   32.7   1.500e-11
1   13.9   31.6   1.500e-11
1   10.9   28.8   1.500e-11
1   14.9   32.2   1.500e-11
1   15.2   32.3   1.500e-11
1   12.3   25.6   1.500e-11
1   12.5   25.5   1.500e-11
1   11.1   26.8   1.500e-11
1   12.6   25.3   1.500e-11
1   11.0   26.9   1.500e-11
1   11.0   29.0   1.500e-11
1   11.2   29.3   1.500e-11
1   10.9   28.8   1.500e-11
1   11.1   26.7   1.500e-11
1   14.8   24.2   1.500e-11
1   16.0   23.7   1.500e-11
1   20.7   22.3   1.500e-11
1   27.1   20.8   1.500e-11
1   30.6   20.1   1.500e-11
1   27.2   20.7   1.500e-11
1   50.1   17.2   1.500e-11
1   52.2   17.0   1.500e-11
1   10.9   28.8   1.500e-11
1   10.9   27.3   1.500e-11
1   10.8   27.5   1.500e-11
1   11.8   26.0   1.500e-11
1   12.1   25.8   1.500e-11
1   10.7   28.1   1.500e-11
1   10.7   28.1   1.500e-11
1   10.9   28.6   1.500e-11
1   11.1   26.9   1.500e-11
1   11.7   26.1   1.500e-11
1   16.2   31.0   1.600e-11
1   41.3   37.6   1.600e-11
1   93.0   47.2   1.600e-11
1   116.4   53.3   1.600e-11
1   128.8   60.6   1.600e-11
1   130.2   63.9   1.600e-11
1   126.3   58.0   1.600e-11
1   129.8   62.4   1.600e-11
1   126.5   58.2   1.600e-11
1   122.1   55.6   1.600e-11
1   16.2   31.0   1.600e-11
1   12.7   28.6   1.600e-11
1   18.4   31.9   1.600e-11
1   15.2   30.5   1.600e-11
1   12.3   27.8   1.600e-11
1   30.3   35.3   1.600e-11
1   44.6   38.2   1.600e-11
1   17.4   31.5   1.600e-11
1   19.0   32.1   1.600e-11
1   23.2   33.5   1.600e-11
1   12.3   27.8   1.600e-11
1   16.0   30.9   1.600e-11
1   30.0   35.2   1.600e-11
1   21.8   33.1   1.600e-11
1   12.3   27.9   1.600e-11
1   14.4   24.8   1.600e-11
1   21.4   22.3   1.600e-11
1   15.9   24.1   1.600e-11
1   22.3   22.1   1.600e-11
1   15.2   24.4   1.600e-11
1   12.3   27.8   1.600e-11
1   19.7   32.4   1.600e-11
1   19.5   32.3   1.600e-11
1   32.9   35.9   1.600e-11
1   31.5   35.5   1.600e-11
1   46.3   38.5   1.600e-11
1   54.1   39.9   1.600e-11
1   42.9   37.9   1.600e-11
1   51.9   39.5   1.600e-11
1   73.0   43.3   1.600e-11
1   12.3   27.8   1.600e-11
1   12.2   27.7   1.600e-11
1   12.2   27.1   1.600e-11
1   12.2   27.8   1.600e-11
1   12.3   27.8   1.600e-11
1   14.0   29.7   1.600e-11
1   13.9   29.7   1.600e-11
1   13.4   29.3   1.600e-11
1   12.5   28.3   1.600e-11
1   14.6   30.1   1.600e-11
1   38.0   34.3   1.700e-11
1   19.9   30.4   1.700e-11
1   23.0   22.3   1.700e-11
1   20.2   23.0   1.700e-11
1   64.5   16.6   1.700e-11
1   101.4   13.6   1.700e-11
1   30.0   20.8   1.700e-11
1   40.4   19.2   1.700e-11
1   30.3   20.7   1.700e-11
1   16.5   29.0   1.700e-11
1   16.5   29.0   1.700e-11
1   24.9   31.9   1.700e-11
1   18.3   29.8   1.700e-11
1   20.7   30.7   1.700e-11
1   15.1   28.0   1.700e-11
1   15.1   25.4   1.700e-11
1   17.5   24.0   1.700e-11
1   30.9   20.6   1.700e-11
1   22.9   22.3   1.700e-11
1   16.3   28.9   1.700e-11
1   15.1   25.4   1.700e-11
1   18.2   23.7   1.700e-11
1   19.0   23.4   1.700e-11
1   14.8   27.7   1.700e-11
1   18.5   29.9   1.700e-11
1   18.6   30.0   1.700e-11
1   34.2   33.7   1.700e-11
1   31.0   33.1   1.700e-11
1   23.9   31.6   1.700e-11
1   24.3   31.7   1.700e-11
1   14.8   27.7   1.700e-11
1   16.1   28.8   1.700e-11
1   15.7   28.5   1.700e-11
1   14.5   27.3   1.700e-11
1   14.4   26.9   1.700e-11
1   21.5   22.7   1.700e-11
1   24.7   21.9   1.700e-11
1   58.9   17.1   1.700e-11
1   46.9   18.4   1.700e-11
1   34.0   20.2   1.700e-11
1   14.4   26.9   1.700e-11
1   15.3   28.2   1.700e-11
1   17.6   29.5   1.700e-11
1   15.0   27.9   1.700e-11
1   15.3   28.2   1.700e-11
1   18.2   29.8   1.700e-11
1   24.3   31.7   1.700e-11
1   23.4   31.5   1.700e-11
1   22.6   31.2   1.700e-11
1   19.8   30.4   1.700e-11
1   23.7   30.2   1.800e-11
1   19.5   28.6   1.800e-11
1   21.5   29.5   1.800e-11
1   20.2   23.9   1.800e-11
1   107.6   13.9   1.800e-11
1   103.9   14.2   1.800e-11
1   32.0   21.0   1.800e-11
1   170.4   10.6   1.800e-11
1   177.9   10.3   1.800e-11
1   83.0   15.6   1.800e-11
1   19.5   28.6   1.800e-11
1   25.4   22.3   1.800e-11
1   20.2   23.9   1.800e-11
1   18.3   24.9   1.800e-11
1   19.7   24.1   1.800e-11
1   21.1   29.3   1.800e-11
1   46.3   34.2   1.800e-11
1   35.4   32.7   1.800e-11
1   40.0   33.4   1.800e-11
1   45.8   34.2   1.800e-11
1   18.3   24.9   1.800e-11
1   19.9   24.0   1.800e-11
1   19.8   24.0   1.800e-11
1   17.7   27.5   1.800e-11
1   17.5   25.6   1.800e-11
1   18.6   28.2   1.800e-11
1   19.8   24.1   1.800e-11
1   21.3   23.5   1.800e-11
1   18.0   25.1   1.800e-11
1   18.8   24.5   1.800e-11
1   17.5   25.6   1.800e-11
1   20.8   23.7   1.800e-11
1   29.0   21.5   1.800e-11
1   48.6   18.7   1.800e-11
1   54.4   18.1   1.800e-11
1   47.1   18.9   1.800e-11
1   59.6   17.6   1.800e-11
1   87.8   15.3   1.800e-11
1   76.4   16.1   1.800e-11
1   63.9   17.2   1.800e-11
1   17.5   25.6   1.800e-11
1   19.5   24.2   1.800e-11
1   19.2   24.3   1.800e-11
1   22.5   23.1   1.800e-11
1   20.2   23.9   1.800e-11
1   17.7   25.3   1.800e-11
1   18.4   24.8   1.800e-11
1   17.3   25.9   1.800e-11
1   17.5   25.5   1.800e-11
1   17.2   26.7   1.800e-11
1   20.7   26.0   1.900e-11
1   20.9   25.7   1.900e-11
1   49.1   34.5   1.900e-11
1   119.9   41.9   1.900e-11
1   65.6   36.5   1.900e-11
1   79.2   38.0   1.900e-11
1   67.6   36.7   1.900e-11
1   79.3   38.0   1.900e-11
1   113.3   41.3   1.900e-11
1   63.7   36.3   1.900e-11
1   20.7   26.0   1.900e-11
1   24.9   23.5   1.900e-11
1   144.9   12.6   1.900e-11
1   66.1   17.6   1.900e-11
1   35.7   21.1   1.900e-11
1   20.6   26.4   1.900e-11
1   21.7   24.9   1.900e-11
1   21.4   25.2   1.900e-11
1   28.6   22.5   1.900e-11
1   24.1   23.8   1.900e-11
1   20.6   26.4   1.900e-11
1   33.6   31.9   1.900e-11
1   42.3   33.5   1.900e-11
1   36.3   32.5   1.900e-11
1   50.5   34.7   1.900e-11
1   46.6   34.1   1.900e-11
1   69.5   37.0   1.900e-11
1   61.4   36.0   1.900e-11
1   68.9   36.9   1.900e-11
1   48.4   34.4   1.900e-11
1   20.6   26.4   1.900e-11
1   20.7   26.1   1.900e-11
1   34.8   32.2   1.900e-11
1   29.1   30.9   1.900e-11
1   22.9   28.8   1.900e-11
1   26.3   30.1   1.900e-11
1   50.1   34.6   1.900e-11
1   77.3   37.8   1.900e-11
1   72.1   37.2   1.900e-11
1   90.8   39.1   1.900e-11
1   20.6   26.4   1.900e-11
1   20.9   25.7   1.900e-11
1   20.6   26.2   1.900e-11
1   21.5   27.9   1.900e-11
1   21.2   27.7   1.900e-11
1   20.6   26.5   1.900e-11
1   20.9   25.6   1.900e-11
1   20.6   26.2   1.900e-11
1   20.6   26.4   1.900e-11
1   20.6   26.8   1.900e-11
1   43.7   33.2   2.000e-11
1   116.3   42.1   2.000e-11
1   78.2   37.9   2.000e-11
1   84.2   38.6   2.000e-11
1   124.1   43.0   2.000e-11
1   142.1   45.0   2.000e-11
1   134.5   44.1   2.000e-11
1   110.1   41.5   2.000e-11
1   63.6   36.1   2.000e-11
1   81.3   38.3   2.000e-11
1   43.7   33.2   2.000e-11
1   32.1   30.8   2.000e-11
1   46.4   33.7   2.000e-11
1   37.8   32.1   2.000e-11
1   33.4   31.1   2.000e-11
1   58.8   35.5   2.000e-11
1   25.9   28.1   2.000e-11
1   37.7   21.7   2.000e-11
1   51.5   19.7   2.000e-11
1   45.7   20.4   2.000e-11
1   25.9   28.1   2.000e-11
1   25.2   26.0   2.000e-11
1   25.4   25.7   2.000e-11
1   26.7   24.7   2.000e-11
1   25.8   28.0   2.000e-11
1   27.4   24.4   2.000e-11
1   33.3   22.6   2.000e-11
1   28.5   23.9   2.000e-11
1   25.2   26.1   2.000e-11
1   39.1   21.4   2.000e-11
1   25.2   26.1   2.000e-11
1   27.2   28.9   2.000e-11
1   25.1   26.2   2.000e-11
1   25.5   27.7   2.000e-11
1   25.1   26.2   2.000e-11
1   25.0   26.8   2.000e-11
1   27.1   28.8   2.000e-11
1   27.0   28.8   2.000e-11
1   27.4   29.0   2.000e-11
1   25.8   28.0   2.000e-11
1   25.0   26.8   2.000e-11
1   26.0   25.2   2.000e-11
1   25.0   27.0   2.000e-11
1   25.0   26.4   2.000e-11
1   25.3   25.9   2.000e-11
1   25.2   25.9   2.000e-11
1   27.1   24.6   2.000e-11
1   26.7   24.7   2.000e-11
1   30.5   23.3   2.000e-11
1   29.5   23.6   2.000e-11
1   30.6   27.6   2.100e-11
1   32.2   28.8   2.100e-11
1   46.4   32.7   2.100e-11
1   38.6   31.1   2.100e-11
1   30.7   25.7   2.100e-11
1   35.6   23.5   2.100e-11
1   108.4   16.2   2.100e-11
1   69.8   18.7   2.100e-11
1   37.7   22.9   2.100e-11
1   31.8   24.9   2.100e-11
1   30.6   27.6   2.100e-11
1   38.6   31.1   2.100e-11
1   30.3   26.6   2.100e-11
1   32.2   24.7   2.100e-11
1   32.8   24.4   2.100e-11
1   30.9   25.5   2.100e-11
1   37.7   22.9   2.100e-11
1   32.3   28.9   2.100e-11
1   39.7   31.3   2.100e-11
1   42.3   31.9   2.100e-11
1   30.3   26.6   2.100e-11
1   31.5   28.4   2.100e-11
1   30.7   25.7   2.100e-11
1   32.1   24.8   2.100e-11
1   34.0   24.0   2.100e-11
1   31.8   24.9   2.100e-11
1   30.4   26.3   2.100e-11
1   30.3   26.8   2.100e-11
1   30.3   27.0   2.100e-11
1   31.0   25.5   2.100e-11
1   30.3   26.8   2.100e-11
1   32.0   28.7   2.100e-11
1   34.7   29.9   2.100e-11
1   31.1   25.4   2.100e-11
1   31.3   28.3   2.100e-11
1   37.8   30.9   2.100e-11
1   36.3   30.4   2.100e-11
1   44.0   32.3   2.100e-11
1   40.5   31.5   2.100e-11
1   45.2   32.5   2.100e-11
1   30.3   26.8   2.100e-11
1   30.8   25.7   2.100e-11
1   30.3   27.0   2.100e-11
1   37.0   30.6   2.100e-11
1   39.7   31.3   2.100e-11
1   42.1   31.9   2.100e-11
1   42.1   31.9   2.100e-11
1   33.2   29.3   2.100e-11
1   33.5   29.4   2.100e-11
1   36.7   30.6   2.100e-11
1   67.8   34.8   2.200e-11
1   105.5   38.8   2.200e-11
1   91.6   37.4   2.200e-11
1   54.8   33.0   2.200e-11
1   207.1   48.0   2.200e-11
1   276.9   56.1   2.200e-11
1   270.2   55.1   2.200e-11
1   280.8   56.6   2.200e-11
1   249.6   52.5   2.200e-11
1   251.1   52.7   2.200e-11
1   54.8   33.0   2.200e-11
1   39.6   24.0   2.200e-11
1   40.1   23.9   2.200e-11
1   36.8   25.2   2.200e-11
1   61.8   20.2   2.200e-11
1   69.7   19.5   2.200e-11
1   119.8   16.3   2.200e-11
1   81.0   18.6   2.200e-11
1   125.9   16.0   2.200e-11
1   79.2   18.7   2.200e-11
1   36.8   25.2   2.200e-11
1   36.1   25.8   2.200e-11
1   35.8   26.2   2.200e-11
1   35.6   26.9   2.200e-11
1   36.6   28.2   2.200e-11
1   36.4   28.0   2.200e-11
1   105.9   38.8   2.200e-11
1   110.8   39.3   2.200e-11
1   152.1   43.0   2.200e-11
1   111.9   39.4   2.200e-11
1   35.6   26.9   2.200e-11
1   41.9   30.4   2.200e-11
1   37.0   28.4   2.200e-11
1   46.3   31.5   2.200e-11
1   43.8   30.9   2.200e-11
1   36.9   28.3   2.200e-11
1   35.7   26.2   2.200e-11
1   35.8   26.1   2.200e-11
1   35.7   27.2   2.200e-11
1   42.3   23.3   2.200e-11
1   35.6   26.9   2.200e-11
1   35.6   27.0   2.200e-11
1   36.0   27.7   2.200e-11
1   37.7   28.8   2.200e-11
1   37.8   28.8   2.200e-11
1   41.2   30.2   2.200e-11
1   45.7   31.3   2.200e-11
1   49.2   32.1   2.200e-11
1   52.7   32.7   2.200e-11
1   59.2   33.7   2.200e-11
1   48.1   30.3   2.300e-11
1   50.6   31.0   2.300e-11
1   46.6   29.9   2.300e-11
1   43.5   28.8   2.300e-11
1   48.2   30.4   2.300e-11
1   42.0   28.0   2.300e-11
1   44.8   29.4   2.300e-11
1   63.8   33.2   2.300e-11
1   96.8   36.7   2.300e-11
1   101.9   37.2   2.300e-11
1   42.0   28.0   2.300e-11
1   60.4   32.7   2.300e-11
1   55.5   31.9   2.300e-11
1   68.5   33.8   2.300e-11
1   109.8   37.9   2.300e-11
1   129.6   39.5   2.300e-11
1   96.7   36.7   2.300e-11
1   127.6   39.3   2.300e-11
1   72.0   34.2   2.300e-11
1   71.4   34.1   2.300e-11
1   42.0   28.0   2.300e-11
1   41.5   27.6   2.300e-11
1   41.2   26.9   2.300e-11
1   42.0   25.5   2.300e-11
1   41.3   26.3   2.300e-11
1   46.5   23.8   2.300e-11
1   79.9   19.4   2.300e-11
1   72.8   20.0   2.300e-11
1   56.6   21.8   2.300e-11
1   61.8   21.1   2.300e-11
1   41.2   26.9   2.300e-11
1   41.7   25.8   2.300e-11
1   49.5   23.0   2.300e-11
1   53.2   22.3   2.300e-11
1   82.2   19.3   2.300e-11
1   66.5   20.6   2.300e-11
1   65.2   20.7   2.300e-11
1   70.6   20.2   2.300e-11
1   62.6   21.0   2.300e-11
1   72.7   20.0   2.300e-11
1   41.2   26.9   2.300e-11
1   42.9   25.0   2.300e-11
1   43.1   24.9   2.300e-11
1   42.3   25.4   2.300e-11
1   41.7   25.7   2.300e-11
1   41.2   26.6   2.300e-11
1   41.6   25.9   2.300e-11
1   45.9   23.9   2.300e-11
1   44.9   24.3   2.300e-11
1   46.2   23.9   2.300e-11
1   60.9   31.3   2.400e-11
1   53.6   29.7   2.400e-11
1   48.6   27.7   2.400e-11
1   52.7   29.4   2.400e-11
1   62.9   22.1   2.400e-11
1   144.5   16.7   2.400e-11
1   103.9   18.7   2.400e-11
1   336.8   11.2   2.400e-11
1   339.4   11.2   2.400e-11
1   245.2   13.4   2.400e-11
1   48.6   27.7   2.400e-11
1   53.2   29.6   2.400e-11
1   51.6   24.4   2.400e-11
1   48.9   25.5   2.400e-11
1   146.7   16.6   2.400e-11
1   53.0   24.0   2.400e-11
1   57.5   23.0   2.400e-11
1   48.4   27.5   2.400e-11
1   98.5   35.4   2.400e-11
1   83.0   34.1   2.400e-11
1   48.4   27.5   2.400e-11
1   65.9   32.1   2.400e-11
1   74.9   33.2   2.400e-11
1   67.9   32.3   2.400e-11
1   51.9   29.2   2.400e-11
1   48.5   27.5   2.400e-11
1   63.5   31.7   2.400e-11
1   97.3   35.3   2.400e-11
1   60.9   31.3   2.400e-11
1   76.1   33.3   2.400e-11
1   48.4   27.5   2.400e-11
1   53.5   23.8   2.400e-11
1   49.5   25.2   2.400e-11
1   70.6   21.2   2.400e-11
1   57.2   23.0   2.400e-11
1   48.7   25.6   2.400e-11
1   49.8   25.1   2.400e-11
1   50.3   24.9   2.400e-11
1   48.9   25.6   2.400e-11
1   51.6   29.1   2.400e-11
1   48.4   27.5   2.400e-11
1   49.6   28.3   2.400e-11
1   51.6   29.1   2.400e-11
1   58.2   30.7   2.400e-11
1   54.3   29.9   2.400e-11
1   54.0   29.8   2.400e-11
1   52.5   29.4   2.400e-11
1   55.6   30.2   2.400e-11
1   55.6   30.2   2.400e-11
1   51.7   29.1   2.400e-11
1   56.5   26.6   2.500e-11
1   66.5   23.1   2.500e-11
1   57.5   28.0   2.500e-11
1   152.9   38.2   2.500e-11
1   132.2   36.9   2.500e-11
1   184.8   39.9   2.500e-11
1   78.8   32.5   2.500e-11
1   184.5   39.8   2.500e-11
1   323.3   45.8   2.500e-11
1   415.2   49.4   2.500e-11
1   56.5   26.6   2.500e-11
1   91.5   33.9   2.500e-11
1   109.4   35.4   2.500e-11
1   75.4   32.1   2.500e-11
1   58.5   25.1   2.500e-11
1   56.8   27.5   2.500e-11
1   75.3   32.1   2.500e-11
1   70.7   31.4   2.500e-11
1   166.8   38.9   2.500e-11
1   244.1   42.6   2.500e-11
1   56.5   26.6   2.500e-11
1   60.5   29.2   2.500e-11
1   56.8   27.6   2.500e-11
1   58.6   28.6   2.500e-11
1   82.5   33.0   2.500e-11
1   64.0   30.1   2.500e-11
1   59.5   28.9   2.500e-11
1   60.2   29.1   2.500e-11
1   64.6   30.3   2.500e-11
1   64.8   30.3   2.500e-11
1   56.5   26.6   2.500e-11
1   57.3   27.9   2.500e-11
1   63.5   30.0   2.500e-11
1   57.1   27.8   2.500e-11
1   59.5   24.7   2.500e-11
1   56.5   26.7   2.500e-11
1   56.6   27.3   2.500e-11
1   56.5   27.1   2.500e-11
1   56.9   27.6   2.500e-11
1   60.4   29.2   2.500e-11
1   56.5   26.7   2.500e-11
1   57.1   27.8   2.500e-11
1   56.4   26.9   2.500e-11
1   57.5   28.0   2.500e-11
1   56.7   26.2   2.500e-11
1   56.6   26.4   2.500e-11
1   56.4   26.9   2.500e-11
1   57.2   27.8   2.500e-11
1   56.4   26.9   2.500e-11
1   56.8   27.5   2.500e-11
1   67.3   28.5   2.600e-11
1   88.8   22.0   2.600e-11
1   95.2   21.4   2.600e-11
1   268.2   14.5   2.600e-11
1   332.4   13.1   2.600e-11
1   269.1   14.4   2.600e-11
1   306.9   13.6   2.600e-11
1   207.5   16.1   2.600e-11
1   313.4   13.5   2.600e-11
1   312.4   13.5   2.600e-11
1   67.3   28.5   2.600e-11
1   69.4   25.0   2.600e-11
1   66.2   26.9   2.600e-11
1   66.9   26.2   2.600e-11
1   71.8   24.4   2.600e-11
1   74.6   30.7   2.600e-11
1   75.6   23.7   2.600e-11
1   122.1   19.6   2.600e-11
1   90.1   21.9   2.600e-11
1   66.3   26.8   2.600e-11
1   66.2   26.9   2.600e-11
1   68.3   29.0   2.600e-11
1   72.8   30.3   2.600e-11
1   74.3   30.7   2.600e-11
1   93.1   33.5   2.600e-11
1   123.9   36.3   2.600e-11
1   193.7   40.6   2.600e-11
1   268.0   44.3   2.600e-11
1   214.5   41.7   2.600e-11
1   192.3   40.5   2.600e-11
1   66.2   26.9   2.600e-11
1   71.5   24.5   2.600e-11
1   74.0   24.0   2.600e-11
1   66.1   27.1   2.600e-11
1   84.1   32.4   2.600e-11
1   97.4   34.0   2.600e-11
1   130.7   36.8   2.600e-11
1   99.0   34.2   2.600e-11
1   114.7   35.6   2.600e-11
1   100.9   34.4   2.600e-11
1   66.1   27.1   2.600e-11
1   66.5   26.5   2.600e-11
1   66.4   26.6   2.600e-11
1   66.7   26.3   2.600e-11
1   66.2   27.0   2.600e-11
1   66.4   26.6   2.600e-11
1   66.5   26.5   2.600e-11
1   66.3   26.8   2.600e-11
1   69.6   29.4   2.600e-11
1   69.7   29.5   2.600e-11
1   109.6   34.9   2.700e-11
1   79.5   29.3   2.700e-11
1   78.6   26.5   2.700e-11
1   100.0   22.6   2.700e-11
1   129.5   20.4   2.700e-11
1   208.1   17.0   2.700e-11
1   583.7   10.1   2.700e-11
1   461.0   11.7   2.700e-11
1   256.2   15.6   2.700e-11
1   577.8   10.2   2.700e-11
1   78.6   26.5   2.700e-11
1   81.6   25.4   2.700e-11
1   82.6   25.1   2.700e-11
1   99.9   22.6   2.700e-11
1   124.9   20.7   2.700e-11
1   128.8   20.4   2.700e-11
1   117.7   21.1   2.700e-11
1   115.4   21.3   2.700e-11
1   273.3   15.1   2.700e-11
1   430.5   12.1   2.700e-11
1   78.6   26.5   2.700e-11
1   78.9   26.3   2.700e-11
1   83.2   30.6   2.700e-11
1   78.8   29.0   2.700e-11
1   81.7   25.4   2.700e-11
1   92.5   23.4   2.700e-11
1   88.6   24.0   2.700e-11
1   90.2   23.7   2.700e-11
1   86.8   24.3   2.700e-11
1   96.7   22.9   2.700e-11
1   78.6   26.5   2.700e-11
1   78.0   27.1   2.700e-11
1   78.5   28.7   2.700e-11
1   79.1   29.1   2.700e-11
1   77.8   27.4   2.700e-11
1   78.9   26.4   2.700e-11
1   82.6   25.1   2.700e-11
1   77.8   27.7   2.700e-11
1   78.0   28.2   2.700e-11
1   78.0   27.1   2.700e-11
1   77.8   27.7   2.700e-11
1   78.0   28.3   2.700e-11
1   78.0   28.3   2.700e-11
1   80.0   29.6   2.700e-11
1   78.2   28.5   2.700e-11
1   78.3   28.6   2.700e-11
1   78.0   28.3   2.700e-11
1   77.9   28.2   2.700e-11
1   77.8   27.9   2.700e-11
1   78.7   28.9   2.700e-11
1   107.6   33.2   2.800e-11
1   111.3   33.8   2.800e-11
1   91.8   28.4   2.800e-11
1   93.9   29.9   2.800e-11
1   92.7   27.0   2.800e-11
1   134.3   21.6   2.800e-11
1   190.7   18.7   2.800e-11
1   428.8   12.9   2.800e-11
1   214.6   17.8   2.800e-11
1   104.9   24.2   2.800e-11
1   91.8   28.4   2.800e-11
1   94.3   30.1   2.800e-11
1   108.3   33.3   2.800e-11
1   142.3   37.3   2.800e-11
1   149.4   38.0   2.800e-11
1   197.0   41.5   2.800e-11
1   317.5   48.5   2.800e-11
1   409.9   54.0   2.800e-11
1   467.5   58.1   2.800e-11
1   417.8   54.5   2.800e-11
1   91.8   28.4   2.800e-11
1   91.8   28.1   2.800e-11
1   96.7   30.9   2.800e-11
1   124.0   35.4   2.800e-11
1   108.8   33.4   2.800e-11
1   146.6   37.7   2.800e-11
1   129.3   36.0   2.800e-11
1   128.5   36.0   2.800e-11
1   157.5   38.6   2.800e-11
1   156.7   38.6   2.800e-11
1   91.8   28.1   2.800e-11
1   92.0   28.7   2.800e-11
1   99.0   25.1   2.800e-11
1   109.6   23.7   2.800e-11
1   94.2   26.3   2.800e-11
1   92.1   27.4   2.800e-11
1   92.4   27.1   2.800e-11
1   92.1   27.4   2.800e-11
1   92.3   29.0   2.800e-11
1   92.8   29.3   2.800e-11
1   91.8   28.1   2.800e-11
1   92.1   28.8   2.800e-11
1   91.9   28.5   2.800e-11
1   91.9   27.6   2.800e-11
1   93.4   29.7   2.800e-11
1   92.5   29.2   2.800e-11
1   92.6   29.2   2.800e-11
1   92.1   28.8   2.800e-11
1   91.9   27.7   2.800e-11
1   92.2   27.3   2.800e-11
1   110.3   26.9   2.900e-11
1   115.7   25.6   2.900e-11
1   162.9   21.4   2.900e-11
1   384.2   14.4   2.900e-11
1   628.9   10.9   2.900e-11
1   329.4   15.6   2.900e-11
1   150.6   22.2   2.900e-11
1   180.3   20.5   2.900e-11
1   110.0   27.0   2.900e-11
1   112.7   26.2   2.900e-11
1   110.0   27.0   2.900e-11
1   112.7   26.2   2.900e-11
1   111.2   30.7   2.900e-11
1   114.9   25.8   2.900e-11
1   107.9   28.7   2.900e-11
1   108.1   28.0   2.900e-11
1   113.0   31.3   2.900e-11
1   109.0   27.4   2.900e-11
1   107.9   28.7   2.900e-11
1   107.9   28.8   2.900e-11
1   107.9   28.7   2.900e-11
1   107.9   28.6   2.900e-11
1   109.2   29.9   2.900e-11
1   110.6   30.5   2.900e-11
1   116.0   32.0   2.900e-11
1   115.5   25.7   2.900e-11
1   114.2   25.9   2.900e-11
1   108.8   27.5   2.900e-11
1   111.7   30.9   2.900e-11
1   139.8   35.7   2.900e-11
1   107.9   28.7   2.900e-11
1   120.2   25.0   2.900e-11
1   108.9   27.4   2.900e-11
1   112.5   26.3   2.900e-11
1   119.3   25.1   2.900e-11
1   120.4   24.9   2.900e-11
1   172.0   20.9   2.900e-11
1   194.3   19.8   2.900e-11
1   182.1   20.4   2.900e-11
1   204.1   19.4   2.900e-11
1   107.9   28.7   2.900e-11
1   108.0   28.2   2.900e-11
1   107.9   28.7   2.900e-11
1   107.9   28.8   2.900e-11
1   108.0   28.3   2.900e-11
1   107.9   28.5   2.900e-11
1   107.9   28.4   2.900e-11
1   107.9   28.7   2.900e-11
1   108.0   28.2   2.900e-11
1   108.2   28.0   2.900e-11
1   134.1   32.0   3.000e-11
1   129.2   30.7   3.000e-11
1   197.0   39.3   3.000e-11
1   274.0   44.7   3.000e-11
1   188.7   38.6   3.000e-11
1   161.2   36.0   3.000e-11
1   271.2   44.6   3.000e-11
1   212.9   40.6   3.000e-11
1   244.5   42.8   3.000e-11
1   136.4   32.5   3.000e-11
1   129.2   30.7   3.000e-11
1   127.3   28.6   3.000e-11
1   130.8   27.1   3.000e-11
1   196.6   21.2   3.000e-11
1   136.9   26.0   3.000e-11
1   130.3   27.3   3.000e-11
1   140.6   25.4   3.000e-11
1   178.9   22.2   3.000e-11
1   248.9   19.0   3.000e-11
1   393.7   15.1   3.000e-11
1   127.3   28.6   3.000e-11
1   145.4   24.9   3.000e-11
1   167.9   22.9   3.000e-11
1   133.9   26.5   3.000e-11
1   167.5   23.0   3.000e-11
1   185.8   21.8   3.000e-11
1   219.1   20.1   3.000e-11
1   138.6   25.7   3.000e-11
1   187.1   21.7   3.000e-11
1   210.1   20.5   3.000e-11
1   127.3   28.6   3.000e-11
1   127.1   28.8   3.000e-11
1   129.5   27.5   3.000e-11
1   129.5   27.5   3.000e-11
1   140.0   25.5   3.000e-11
1   127.6   28.3   3.000e-11
1   133.0   26.7   3.000e-11
1   140.4   25.5   3.000e-11
1   150.7   24.3   3.000e-11
1   141.6   25.3   3.000e-11
1   127.1   28.8   3.000e-11
1   128.0   28.1   3.000e-11
1   133.2   26.6   3.000e-11
1   131.3   27.0   3.000e-11
1   131.1   27.1   3.000e-11
1   133.8   26.5   3.000e-11
1   131.7   26.9   3.000e-11
1   133.2   26.6   3.000e-11
1   138.0   25.8   3.000e-11
1   130.7   27.2   3.000e-11
1   152.5   29.6   3.100e-11
1   154.1   30.8   3.100e-11
1   162.9   26.4   3.100e-11
1   155.3   31.2   3.100e-11
1   152.5   29.6   3.100e-11
1   166.0   25.9   3.100e-11
1   262.6   19.9   3.100e-11
1   216.9   21.9   3.100e-11
1   158.7   27.1   3.100e-11
1   156.1   31.4   3.100e-11
1   152.5   29.6   3.100e-11
1   168.9   33.7   3.100e-11
1   225.3   38.9   3.100e-11
1   184.8   35.5   3.100e-11
1   172.3   34.2   3.100e-11
1   226.6   39.0   3.100e-11
1   204.0   37.3   3.100e-11
1   195.4   36.5   3.100e-11
1   166.9   33.5   3.100e-11
1   197.9   36.7   3.100e-11
1   152.5   29.6   3.100e-11
1   155.1   27.9   3.100e-11
1   152.5   29.6   3.100e-11
1   184.0   24.1   3.100e-11
1   167.6   25.7   3.100e-11
1   225.0   21.5   3.100e-11
1   182.7   24.2   3.100e-11
1   161.5   26.6   3.100e-11
1   197.6   23.1   3.100e-11
1   169.0   25.6   3.100e-11
1   152.5   29.6   3.100e-11
1   168.0   25.7   3.100e-11
1   168.7   25.6   3.100e-11
1   168.1   25.7   3.100e-11
1   164.5   26.1   3.100e-11
1   166.5   25.9   3.100e-11
1   192.7   23.5   3.100e-11
1   172.9   25.1   3.100e-11
1   197.8   23.1   3.100e-11
1   186.6   23.9   3.100e-11
1   152.5   29.6   3.100e-11
1   153.7   28.4   3.100e-11
1   152.6   29.1   3.100e-11
1   152.6   29.8   3.100e-11
1   152.6   29.2   3.100e-11
1   152.6   29.2   3.100e-11
1   154.9   31.1   3.100e-11
1   152.7   30.0   3.100e-11
1   152.6   29.2   3.100e-11
1   157.9   27.2   3.100e-11
1   206.0   25.4   3.200e-11
1   258.1   21.8   3.200e-11
1   244.7   22.6   3.200e-11
1   192.2   27.3   3.200e-11
1   237.0   23.0   3.200e-11
1   246.9   22.4   3.200e-11
1   368.5   17.8   3.200e-11
1   489.5   15.2   3.200e-11
1   646.3   12.8   3.200e-11
1   894.2   10.3   3.200e-11
1   192.2   27.3   3.200e-11
1   188.9   31.7   3.200e-11
1   199.5   33.6   3.200e-11
1   372.9   44.4   3.200e-11
1   429.6   46.8   3.200e-11
1   500.5   49.7   3.200e-11
1   502.7   49.8   3.200e-11
1   386.3   45.0   3.200e-11
1   343.1   43.0   3.200e-11
1   414.8   46.2   3.200e-11
1   188.9   31.7   3.200e-11
1   186.9   31.1   3.200e-11
1   191.6   27.4   3.200e-11
1   185.4   29.7   3.200e-11
1   202.1   33.9   3.200e-11
1   224.5   36.1   3.200e-11
1   200.4   33.7   3.200e-11
1   187.0   31.1   3.200e-11
1   193.1   32.6   3.200e-11
1   193.1   32.6   3.200e-11
1   185.4   29.7   3.200e-11
1   188.6   28.1   3.200e-11
1   211.6   24.9   3.200e-11
1   188.5   28.1   3.200e-11
1   192.2   27.3   3.200e-11
1   185.5   29.5   3.200e-11
1   187.0   28.6   3.200e-11
1   186.8   31.0   3.200e-11
1   185.4   29.7   3.200e-11
1   190.2   32.0   3.200e-11
1   185.4   29.7   3.200e-11
1   185.8   29.2   3.200e-11
1   185.4   29.7   3.200e-11
1   185.4   29.8   3.200e-11
1   192.7   27.2   3.200e-11
1   191.9   27.3   3.200e-11
1   196.4   26.6   3.200e-11
1   202.4   25.8   3.200e-11
1   200.8   26.0   3.200e-11
1   197.3   26.5   3.200e-11
1   225.1   29.9   3.300e-11
1   225.1   29.9   3.300e-11
1   232.6   27.4   3.300e-11
1   278.4   23.1   3.300e-11
1   251.5   25.1   3.300e-11
1   237.9   26.6   3.300e-11
1   251.4   25.1   3.300e-11
1   286.4   22.7   3.300e-11
1   335.9   20.4   3.300e-11
1   416.1   17.9   3.300e-11
1   225.1   29.9   3.300e-11
1   266.5   23.9   3.300e-11
1   227.5   28.6   3.300e-11
1   225.6   31.0   3.300e-11
1   226.9   28.8   3.300e-11
1   225.1   30.5   3.300e-11
1   226.4   29.0   3.300e-11
1   299.5   22.0   3.300e-11
1   319.2   21.1   3.300e-11
1   271.4   23.6   3.300e-11
1   225.1   29.9   3.300e-11
1   225.5   29.5   3.300e-11
1   246.3   25.6   3.300e-11
1   282.3   22.9   3.300e-11
1   308.6   21.5   3.300e-11
1   331.7   20.6   3.300e-11
1   364.9   19.4   3.300e-11
1   405.0   18.2   3.300e-11
1   287.9   22.6   3.300e-11
1   410.0   18.0   3.300e-11
1   225.1   29.9   3.300e-11
1   226.4   31.4   3.300e-11
1   225.4   29.6   3.300e-11
1   230.1   32.5   3.300e-11
1   237.5   33.8   3.300e-11
1   262.0   36.5   3.300e-11
1   234.3   33.3   3.300e-11
1   230.1   32.5   3.300e-11
1   237.7   33.9   3.300e-11
1   249.5   35.3   3.300e-11
1   225.1   29.9   3.300e-11
1   225.6   29.4   3.300e-11
1   227.3   28.7   3.300e-11
1   227.7   28.5   3.300e-11
1   225.1   29.9   3.300e-11
1   225.1   29.9   3.300e-11
1   225.6   30.9   3.300e-11
1   227.5   31.8   3.300e-11
1   225.7   31.0   3.300e-11
1   226.2   31.3   3.300e-11
1   284.6   26.8   3.400e-11
1   320.0   23.5   3.400e-11
1   416.4   19.3   3.400e-11
1   311.3   24.1   3.400e-11
1   284.9   26.7   3.400e-11
1   273.1   30.8   3.400e-11
1   297.6   25.3   3.400e-11
1   305.7   24.6   3.400e-11
1   279.7   27.6   3.400e-11
1   274.9   31.8   3.400e-11
1   273.1   30.8   3.400e-11
1   279.9   27.5   3.400e-11
1   286.8   26.5   3.400e-11
1   286.9   26.5   3.400e-11
1   276.8   32.4   3.400e-11
1   332.0   38.8   3.400e-11
1   274.5   28.9   3.400e-11
1   326.2   23.2   3.400e-11
1   287.5   26.4   3.400e-11
1   275.4   28.6   3.400e-11
1   273.1   30.8   3.400e-11
1   281.0   33.3   3.400e-11
1   273.9   31.3   3.400e-11
1   273.0   29.8   3.400e-11
1   280.9   33.3   3.400e-11
1   278.2   32.7   3.400e-11
1   283.6   26.9   3.400e-11
1   278.6   27.8   3.400e-11
1   315.9   23.8   3.400e-11
1   298.8   25.2   3.400e-11
1   273.0   29.8   3.400e-11
1   272.8   30.3   3.400e-11
1   273.9   31.4   3.400e-11
1   276.7   32.3   3.400e-11
1   280.8   33.3   3.400e-11
1   290.7   34.8   3.400e-11
1   284.9   34.0   3.400e-11
1   274.5   31.6   3.400e-11
1   282.4   33.6   3.400e-11
1   284.2   33.9   3.400e-11
1   272.8   30.3   3.400e-11
1   275.1   31.8   3.400e-11
1   277.4   32.5   3.400e-11
1   278.6   32.8   3.400e-11
1   282.5   33.6   3.400e-11
1   286.1   34.2   3.400e-11
1   280.9   33.3   3.400e-11
1   275.6   32.0   3.400e-11
1   273.7   31.2   3.400e-11
1   274.2   31.5   3.400e-11
1   345.8   33.9   3.500e-11
1   344.1   33.7   3.500e-11
1   346.6   34.0   3.500e-11
1   438.9   41.2   3.500e-11
1   474.4   43.1   3.500e-11
1   556.8   47.1   3.500e-11
1   595.8   49.0   3.500e-11
1   754.8   56.8   3.500e-11
1   859.1   64.2   3.500e-11
1   733.8   55.7   3.500e-11
1   344.1   33.7   3.500e-11
1   421.3   40.1   3.500e-11
1   441.7   41.3   3.500e-11
1   369.4   36.4   3.500e-11
1   344.0   33.7   3.500e-11
1   330.5   30.9   3.500e-11
1   349.6   34.4   3.500e-11
1   338.0   32.7   3.500e-11
1   418.6   39.9   3.500e-11
1   415.1   39.7   3.500e-11
1   330.5   30.9   3.500e-11
1   330.6   30.9   3.500e-11
1   352.4   34.7   3.500e-11
1   387.4   37.8   3.500e-11
1   385.7   37.7   3.500e-11
1   367.4   36.2   3.500e-11
1   376.7   37.0   3.500e-11
1   436.9   41.0   3.500e-11
1   495.7   44.2   3.500e-11
1   426.0   40.4   3.500e-11
1   330.5   30.9   3.500e-11
1   330.8   30.9   3.500e-11
1   329.5   30.2   3.500e-11
1   330.0   28.7   3.500e-11
1   340.2   26.4   3.500e-11
1   364.3   24.0   3.500e-11
1   441.5   20.2   3.500e-11
1   455.9   19.7   3.500e-11
1   433.0   20.5   3.500e-11
1   443.9   20.1   3.500e-11
1   329.5   30.2   3.500e-11
1   330.9   28.4   3.500e-11
1   334.0   27.5   3.500e-11
1   339.1   26.6   3.500e-11
1   332.6   27.8   3.500e-11
1   330.8   28.4   3.500e-11
1   330.6   28.5   3.500e-11
1   333.0   27.7   3.500e-11
1   336.3   27.0   3.500e-11
1   335.0   27.3   3.500e-11
1   398.2   26.0   3.600e-11
1   389.4   28.5   3.600e-11
1   458.3   36.9   3.600e-11
1   408.3   32.9   3.600e-11
1   391.1   30.0   3.600e-11
1   389.9   29.4   3.600e-11
1   390.4   27.7   3.600e-11
1   404.1   32.4   3.600e-11
1   419.9   34.1   3.600e-11
1   392.1   27.2   3.600e-11
1   389.4   28.5   3.600e-11
1   391.8   30.2   3.600e-11
1   396.1   31.2   3.600e-11
1   407.9   24.8   3.600e-11
1   532.2   18.8   3.600e-11
1   725.1   14.8   3.600e-11
1   1136.0   10.5   3.600e-11
1   951.5   12.1   3.600e-11
1   1127.1   10.6   3.600e-11
1   982.7   11.8   3.600e-11
1   389.4   28.5   3.600e-11
1   398.2   26.0   3.600e-11
1   399.5   25.8   3.600e-11
1   422.6   23.6   3.600e-11
1   440.2   22.5   3.600e-11
1   395.3   26.5   3.600e-11
1   397.6   26.1   3.600e-11
1   389.7   29.3   3.600e-11
1   390.9   27.6   3.600e-11
1   389.3   28.9   3.600e-11
1   389.3   28.9   3.600e-11
1   391.1   30.0   3.600e-11
1   391.1   30.0   3.600e-11
1   389.4   29.0   3.600e-11
1   389.4   28.4   3.600e-11
1   390.5   29.8   3.600e-11
1   394.0   30.8   3.600e-11
1   408.3   32.9   3.600e-11
1   401.6   32.1   3.600e-11
1   416.0   33.7   3.600e-11
1   389.3   28.9   3.600e-11
1   389.3   28.7   3.600e-11
1   389.6   28.2   3.600e-11
1   389.3   28.8   3.600e-11
1   389.3   28.8   3.600e-11
1   389.3   28.5   3.600e-11
1   389.6   28.2   3.600e-11
1   389.5   28.3   3.600e-11
1   389.3   28.5   3.600e-11
1   390.5   29.7   3.600e-11
1   459.0   25.0   3.700e-11
1   454.5   29.9   3.700e-11
1   555.4   37.1   3.700e-11
1   565.7   37.6   3.700e-11
1   566.9   37.6   3.700e-11
1   773.7   44.6   3.700e-11
1   548.0   36.8   3.700e-11
1   768.6   44.5   3.700e-11
1   742.9   43.7   3.700e-11
1   705.6   42.6   3.700e-11
1   454.5   29.9   3.700e-11
1   459.9   30.7   3.700e-11
1   448.7   27.7   3.700e-11
1   517.6   35.2   3.700e-11
1   492.9   33.7   3.700e-11
1   478.0   32.6   3.700e-11
1   467.5   31.6   3.700e-11
1   466.7   31.5   3.700e-11
1   580.4   38.2   3.700e-11
1   478.2   32.6   3.700e-11
1   448.7   27.7   3.700e-11
1   469.9   23.9   3.700e-11
1   625.7   17.6   3.700e-11
1   560.5   19.4   3.700e-11
1   514.9   21.2   3.700e-11
1   656.7   16.9   3.700e-11
1   567.6   19.2   3.700e-11
1   454.8   25.6   3.700e-11
1   485.4   22.7   3.700e-11
1   513.2   21.2   3.700e-11
1   448.7   27.7   3.700e-11
1   452.0   29.3   3.700e-11
1   453.1   29.6   3.700e-11
1   454.8   29.9   3.700e-11
1   459.6   30.7   3.700e-11
1   460.0   30.7   3.700e-11
1   497.1   34.0   3.700e-11
1   508.3   34.7   3.700e-11
1   484.6   33.1   3.700e-11
1   521.7   35.4   3.700e-11
1   448.7   27.7   3.700e-11
1   448.8   28.1   3.700e-11
1   448.8   28.0   3.700e-11
1   452.2   29.4   3.700e-11
1   450.6   29.0   3.700e-11
1   452.1   29.4   3.700e-11
1   450.7   29.0   3.700e-11
1   451.1   29.1   3.700e-11
1   451.0   29.1   3.700e-11
1   449.1   28.3   3.700e-11
1   599.2   34.9   3.800e-11
1   594.9   34.7   3.800e-11
1   587.9   34.4   3.800e-11
1   518.2   29.8   3.800e-11
1   522.9   30.3   3.800e-11
1   522.1   30.2   3.800e-11
1   584.7   20.2   3.800e-11
1   908.4   13.6   3.800e-11
1   951.4   13.1   3.800e-11
1   748.6   16.0   3.800e-11
1   518.2   29.8   3.800e-11
1   515.7   29.5   3.800e-11
1   508.8   25.3   3.800e-11
1   507.4   25.6   3.800e-11
1   539.7   31.7   3.800e-11
1   580.7   34.0   3.800e-11
1   542.6   31.9   3.800e-11
1   544.8   32.0   3.800e-11
1   506.0   26.0   3.800e-11
1   794.8   15.2   3.800e-11
1   506.0   26.0   3.800e-11
1   505.1   26.4   3.800e-11
1   505.2   27.4   3.800e-11
1   510.6   28.8   3.800e-11
1   532.3   22.8   3.800e-11
1   555.2   21.4   3.800e-11
1   608.9   19.3   3.800e-11
1   695.3   17.0   3.800e-11
1   838.2   14.5   3.800e-11
1   989.2   12.7   3.800e-11
1   505.1   26.4   3.800e-11
1   504.8   27.0   3.800e-11
1   515.1   24.3   3.800e-11
1   524.6   23.4   3.800e-11
1   508.7   25.3   3.800e-11
1   508.8   25.3   3.800e-11
1   508.0   25.4   3.800e-11
1   523.1   23.5   3.800e-11
1   510.1   25.0   3.800e-11
1   505.0   27.2   3.800e-11
1   504.8   27.0   3.800e-11
1   510.4   28.8   3.800e-11
1   510.3   28.8   3.800e-11
1   508.3   28.4   3.800e-11
1   511.0   28.9   3.800e-11
1   506.8   28.0   3.800e-11
1   505.8   26.0   3.800e-11
1   505.1   27.3   3.800e-11
1   504.8   26.7   3.800e-11
1   505.1   26.4   3.800e-11
1   612.7   32.0   3.900e-11
1   864.7   39.8   3.900e-11
1   868.9   39.9   3.900e-11
1   1521.4   51.2   3.900e-11
1   1462.8   50.3   3.900e-11
1   1340.1   48.4   3.900e-11
1   1051.1   43.5   3.900e-11
1   933.6   41.3   3.900e-11
1   741.7   36.7   3.900e-11
1   555.7   26.4   3.900e-11
1   555.7   26.4   3.900e-11
1   569.5   29.0   3.900e-11
1   642.8   33.4   3.900e-11
1   636.0   33.1   3.900e-11
1   566.1   28.6   3.900e-11
1   616.7   32.2   3.900e-11
1   557.2   27.1   3.900e-11
1   559.6   27.7   3.900e-11
1   563.6   28.3   3.900e-11
1   566.0   28.6   3.900e-11
1   555.7   26.4   3.900e-11
1   609.6   31.8   3.900e-11
1   578.3   29.8   3.900e-11
1   597.4   31.1   3.900e-11
1   605.1   31.6   3.900e-11
1   561.1   27.9   3.900e-11
1   581.1   30.0   3.900e-11
1   556.6   26.9   3.900e-11
1   583.4   22.3   3.900e-11
1   592.3   21.7   3.900e-11
1   555.7   26.4   3.900e-11
1   555.6   26.0   3.900e-11
1   561.7   28.0   3.900e-11
1   563.4   28.3   3.900e-11
1   556.2   26.7   3.900e-11
1   557.9   25.0   3.900e-11
1   561.7   24.3   3.900e-11
1   637.7   19.7   3.900e-11
1   659.8   19.0   3.900e-11
1   662.0   18.9   3.900e-11
1   555.6   26.0   3.900e-11
1   556.2   25.5   3.900e-11
1   560.9   24.4   3.900e-11
1   556.2   25.5   3.900e-11
1   555.7   25.9   3.900e-11
1   559.1   24.7   3.900e-11
1   565.4   23.8   3.900e-11
1   559.6   24.6   3.900e-11
1   560.6   24.5   3.900e-11
1   555.8   25.8   3.900e-11
1   673.1   32.1   4.000e-11
1   683.7   32.5   4.000e-11
1   629.3   29.7   4.000e-11
1   717.7   33.8   4.000e-11
1   903.9   38.9   4.000e-11
1   680.2   32.4   4.000e-11
1   654.0   31.2   4.000e-11
1   610.1   28.1   4.000e-11
1   600.0   26.2   4.000e-11
1   635.6   21.4   4.000e-11
1   600.0   26.2   4.000e-11
1   635.7   30.2   4.000e-11
1   633.8   21.5   4.000e-11
1   655.7   20.4   4.000e-11
1   731.6   17.9   4.000e-11
1   771.5   17.0   4.000e-11
1   713.6   18.4   4.000e-11
1   783.7   16.7   4.000e-11
1   847.5   15.5   4.000e-11
1   728.3   18.0   4.000e-11
1   600.0   26.2   4.000e-11
1   600.1   26.3   4.000e-11
1   615.7   28.6   4.000e-11
1   605.2   27.4   4.000e-11
1   612.4   28.3   4.000e-11
1   599.7   26.1   4.000e-11
1   649.0   20.7   4.000e-11
1   952.1   14.0   4.000e-11
1   913.6   14.5   4.000e-11
1   731.6   17.9   4.000e-11
1   599.7   26.1   4.000e-11
1   607.1   23.6   4.000e-11
1   610.3   28.1   4.000e-11
1   616.9   28.8   4.000e-11
1   618.9   28.9   4.000e-11
1   631.8   29.9   4.000e-11
1   605.1   27.4   4.000e-11
1   600.7   26.5   4.000e-11
1   619.5   29.0   4.000e-11
1   606.2   23.7   4.000e-11
1   599.7   26.1   4.000e-11
1   599.3   25.6   4.000e-11
1   601.5   24.6   4.000e-11
1   614.2   22.9   4.000e-11
1   616.9   22.6   4.000e-11
1   644.3   20.9   4.000e-11
1   621.6   22.3   4.000e-11
1   623.6   22.1   4.000e-11
1   615.5   22.8   4.000e-11
1   613.5   22.9   4.000e-11
1   635.6   25.7   4.100e-11
1   991.2   13.8   4.100e-11
1   850.6   15.9   4.100e-11
1   903.0   15.0   4.100e-11
1   1016.8   13.5   4.100e-11
1   1077.4   12.8   4.100e-11
1   858.6   15.8   4.100e-11
1   790.9   17.1   4.100e-11
1   672.9   21.0   4.100e-11
1   863.0   15.7   4.100e-11
1   635.6   25.7   4.100e-11
1   647.7   22.8   4.100e-11
1   703.6   19.7   4.100e-11
1   656.3   22.1   4.100e-11
1   682.5   20.6   4.100e-11
1   962.5   14.2   4.100e-11
1   825.7   16.4   4.100e-11
1   1372.7   10.3   4.100e-11
1   1007.5   13.6   4.100e-11
1   876.1   15.5   4.100e-11
1   635.6   25.7   4.100e-11
1   644.6   23.1   4.100e-11
1   665.4   21.5   4.100e-11
1   727.3   18.8   4.100e-11
1   754.8   18.0   4.100e-11
1   877.1   15.5   4.100e-11
1   1107.7   12.5   4.100e-11
1   912.4   14.9   4.100e-11
1   815.6   16.6   4.100e-11
1   1187.7   11.7   4.100e-11
1   635.6   25.7   4.100e-11
1   635.4   25.3   4.100e-11
1   638.1   26.5   4.100e-11
1   636.1   25.9   4.100e-11
1   635.4   25.4   4.100e-11
1   638.0   24.1   4.100e-11
1   636.3   24.6   4.100e-11
1   636.2   24.6   4.100e-11
1   640.2   23.7   4.100e-11
1   657.6   22.0   4.100e-11
1   635.4   25.3   4.100e-11
1   636.8   24.4   4.100e-11
1   636.0   25.9   4.100e-11
1   638.5   26.6   4.100e-11
1   642.9   27.3   4.100e-11
1   646.8   27.8   4.100e-11
1   654.8   28.5   4.100e-11
1   666.2   29.4   4.100e-11
1   689.4   30.7   4.100e-11
1   680.2   30.2   4.100e-11
1   665.3   26.1   4.200e-11
1   677.8   22.3   4.200e-11
1   675.5   22.5   4.200e-11
1   663.2   25.4   4.200e-11
1   832.1   34.8   4.200e-11
1   1227.8   43.5   4.200e-11
1   965.0   38.2   4.200e-11
1   1129.4   41.7   4.200e-11
1   1313.3   45.1   4.200e-11
1   1232.1   43.6   4.200e-11
1   663.2   25.4   4.200e-11
1   664.5   24.1   4.200e-11
1   671.4   27.1   4.200e-11
1   854.7   35.4   4.200e-11
1   945.1   37.7   4.200e-11
1   1127.4   41.6   4.200e-11
1   1064.9   40.4   4.200e-11
1   789.3   33.4   4.200e-11
1   689.7   28.8   4.200e-11
1   783.1   33.2   4.200e-11
1   663.2   25.4   4.200e-11
1   665.6   23.8   4.200e-11
1   694.3   21.2   4.200e-11
1   675.8   27.6   4.200e-11
1   668.4   26.7   4.200e-11
1   685.7   28.5   4.200e-11
1   687.7   28.7   4.200e-11
1   674.1   27.5   4.200e-11
1   667.3   26.5   4.200e-11
1   679.4   28.0   4.200e-11
1   663.2   25.4   4.200e-11
1   662.8   25.0   4.200e-11
1   664.7   24.0   4.200e-11
1   672.1   22.9   4.200e-11
1   663.9   24.3   4.200e-11
1   675.1   22.6   4.200e-11
1   725.2   19.7   4.200e-11
1   727.9   19.6   4.200e-11
1   789.4   17.7   4.200e-11
1   823.7   16.9   4.200e-11
1   662.8   25.0   4.200e-11
1   664.5   26.0   4.200e-11
1   664.6   26.0   4.200e-11
1   663.1   24.6   4.200e-11
1   664.4   25.9   4.200e-11
1   666.9   26.5   4.200e-11
1   673.6   27.4   4.200e-11
1   688.7   28.7   4.200e-11
1   676.1   27.7   4.200e-11
1   664.6   26.0   4.200e-11
1   809.6   33.3   4.300e-11
1   1433.3   47.0   4.300e-11
1   1251.6   43.7   4.300e-11
1   988.0   38.2   4.300e-11
1   757.4   31.3   4.300e-11
1   1132.1   41.3   4.300e-11
1   1199.3   42.7   4.300e-11
1   1267.9   44.0   4.300e-11
1   1196.5   42.6   4.300e-11
1   919.3   36.5   4.300e-11
1   757.4   31.3   4.300e-11
1   870.9   35.2   4.300e-11
1   850.3   34.6   4.300e-11
1   957.7   37.5   4.300e-11
1   858.2   34.9   4.300e-11
1   886.3   35.7   4.300e-11
1   821.2   33.7   4.300e-11
1   950.0   37.3   4.300e-11
1   897.3   36.0   4.300e-11
1   1035.9   39.3   4.300e-11
1   757.4   31.3   4.300e-11
1   710.9   28.9   4.300e-11
1   731.4   30.1   4.300e-11
1   710.2   28.8   4.300e-11
1   763.5   31.6   4.300e-11
1   833.0   34.1   4.300e-11
1   1027.1   39.1   4.300e-11
1   957.6   37.5   4.300e-11
1   1044.3   39.5   4.300e-11
1   974.0   37.9   4.300e-11
1   710.2   28.8   4.300e-11
1   706.4   28.5   4.300e-11
1   687.9   26.8   4.300e-11
1   727.2   29.9   4.300e-11
1   830.6   34.0   4.300e-11
1   802.8   33.1   4.300e-11
1   772.1   31.9   4.300e-11
1   766.8   31.7   4.300e-11
1   787.5   32.5   4.300e-11
1   723.5   29.6   4.300e-11
1   687.9   26.8   4.300e-11
1   703.4   28.3   4.300e-11
1   709.4   28.8   4.300e-11
1   712.0   28.9   4.300e-11
1   693.4   27.4   4.300e-11
1   698.8   27.9   4.300e-11
1   703.8   28.3   4.300e-11
1   696.6   27.7   4.300e-11
1   685.3   26.4   4.300e-11
1   681.4   25.5   4.300e-11
1   710.8   28.2   4.400e-11
1   703.0   22.1   4.400e-11
1   774.0   18.6   4.400e-11
1   690.3   23.8   4.400e-11
1   806.3   32.9   4.400e-11
1   884.9   35.4   4.400e-11
1   748.3   30.5   4.400e-11
1   689.0   25.2   4.400e-11
1   880.1   35.3   4.400e-11
1   1063.6   39.9   4.400e-11
1   689.0   25.2   4.400e-11
1   700.4   22.4   4.400e-11
1   1123.7   12.6   4.400e-11
1   1203.6   11.8   4.400e-11
1   1139.9   12.4   4.400e-11
1   928.4   15.1   4.400e-11
1   717.8   21.1   4.400e-11
1   1018.0   13.8   4.400e-11
1   808.1   17.6   4.400e-11
1   688.8   25.1   4.400e-11
1   688.8   25.1   4.400e-11
1   715.3   28.5   4.400e-11
1   689.7   25.5   4.400e-11
1   693.4   26.3   4.400e-11
1   702.1   27.4   4.400e-11
1   698.2   27.0   4.400e-11
1   699.9   22.4   4.400e-11
1   693.1   23.3   4.400e-11
1   692.9   23.3   4.400e-11
1   698.5   27.0   4.400e-11
1   688.8   25.1   4.400e-11
1   688.6   24.6   4.400e-11
1   689.3   25.4   4.400e-11
1   688.7   24.6   4.400e-11
1   693.2   23.3   4.400e-11
1   689.8   24.0   4.400e-11
1   689.9   24.0   4.400e-11
1   692.6   23.4   4.400e-11
1   727.3   20.5   4.400e-11
1   739.1   20.0   4.400e-11
1   688.6   24.6   4.400e-11
1   691.0   23.7   4.400e-11
1   691.4   23.6   4.400e-11
1   713.7   21.3   4.400e-11
1   706.9   21.8   4.400e-11
1   719.6   21.0   4.400e-11
1   726.0   20.6   4.400e-11
1   742.7   19.8   4.400e-11
1   744.0   19.8   4.400e-11
1   787.1   18.2   4.400e-11
1   826.6   33.7   4.500e-11
1   1078.4   40.4   4.500e-11
1   954.6   37.4   4.500e-11
1   813.3   33.3   4.500e-11
1   937.7   37.0   4.500e-11
1   988.7   38.3   4.500e-11
1   982.0   38.1   4.500e-11
1   707.5   28.0   4.500e-11
1   713.9   21.2   4.500e-11
1   721.4   29.1   4.500e-11
1   707.5   28.0   4.500e-11
1   729.6   29.6   4.500e-11
1   687.7   24.9   4.500e-11
1   693.3   23.1   4.500e-11
1   773.6   18.6   4.500e-11
1   709.0   21.6   4.500e-11
1   687.8   25.0   4.500e-11
1   743.1   30.3   4.500e-11
1   694.2   23.0   4.500e-11
1   725.2   20.6   4.500e-11
1   687.7   24.9   4.500e-11
1   689.1   25.6   4.500e-11
1   727.6   29.5   4.500e-11
1   731.1   29.7   4.500e-11
1   715.5   28.7   4.500e-11
1   727.7   29.5   4.500e-11
1   705.2   27.8   4.500e-11
1   696.6   26.9   4.500e-11
1   689.6   23.8   4.500e-11
1   694.8   26.7   4.500e-11
1   687.7   24.9   4.500e-11
1   692.3   26.3   4.500e-11
1   701.3   22.2   4.500e-11
1   703.1   22.0   4.500e-11
1   708.7   21.6   4.500e-11
1   763.5   18.9   4.500e-11
1   758.3   19.1   4.500e-11
1   790.1   18.1   4.500e-11
1   826.5   17.1   4.500e-11
1   750.4   19.4   4.500e-11
1   687.7   24.9   4.500e-11
1   688.5   25.4   4.500e-11
1   694.6   26.7   4.500e-11
1   691.6   26.2   4.500e-11
1   688.0   24.4   4.500e-11
1   688.0   25.2   4.500e-11
1   688.7   25.5   4.500e-11
1   691.7   26.2   4.500e-11
1   688.0   25.2   4.500e-11
1   687.8   25.0   4.500e-11
1   724.5   29.9   4.600e-11
1   682.0   26.1   4.600e-11
1   692.2   27.5   4.600e-11
1   691.3   22.3   4.600e-11
1   897.6   15.4   4.600e-11
1   709.8   21.0   4.600e-11
1   720.5   20.4   4.600e-11
1   991.2   13.9   4.600e-11
1   686.0   22.9   4.600e-11
1   692.5   22.2   4.600e-11
1   682.0   26.1   4.600e-11
1   873.2   35.7   4.600e-11
1   809.7   33.6   4.600e-11
1   728.2   30.1   4.600e-11
1   759.4   31.7   4.600e-11
1   724.8   29.9   4.600e-11
1   684.1   26.5   4.600e-11
1   724.1   20.2   4.600e-11
1   1067.9   12.9   4.600e-11
1   883.4   15.7   4.600e-11
1   682.0   26.1   4.600e-11
1   690.6   27.4   4.600e-11
1   679.1   25.1   4.600e-11
1   682.0   26.1   4.600e-11
1   691.6   27.5   4.600e-11
1   735.7   30.5   4.600e-11
1   729.1   30.2   4.600e-11
1   734.9   30.5   4.600e-11
1   759.2   31.7   4.600e-11
1   885.6   36.0   4.600e-11
1   679.1   25.1   4.600e-11
1   688.1   27.1   4.600e-11
1   704.6   28.6   4.600e-11
1   722.8   29.8   4.600e-11
1   721.0   29.7   4.600e-11
1   733.3   30.4   4.600e-11
1   778.8   32.5   4.600e-11
1   875.3   35.7   4.600e-11
1   872.1   35.6   4.600e-11
1   952.7   37.9   4.600e-11
1   679.1   25.1   4.600e-11
1   679.1   25.1   4.600e-11
1   679.9   25.6   4.600e-11
1   679.4   25.3   4.600e-11
1   680.7   25.8   4.600e-11
1   695.4   27.9   4.600e-11
1   699.6   28.2   4.600e-11
1   734.9   30.5   4.600e-11
1   724.2   29.9   4.600e-11
1   730.0   30.2   4.600e-11
1   788.3   34.0   4.700e-11
1   695.3   29.4   4.700e-11
1   803.1   17.0   4.700e-11
1   669.6   23.1   4.700e-11
1   698.5   29.6   4.700e-11
1   846.1   36.0   4.700e-11
1   1254.1   46.4   4.700e-11
1   1488.4   52.1   4.700e-11
1   1162.6   44.3   4.700e-11
1   1161.7   44.3   4.700e-11
1   669.6   23.1   4.700e-11
1   747.2   18.7   4.700e-11
1   695.2   21.0   4.700e-11
1   663.5   24.6   4.700e-11
1   674.6   27.6   4.700e-11
1   711.3   30.4   4.700e-11
1   712.6   30.5   4.700e-11
1   750.0   32.4   4.700e-11
1   776.9   33.5   4.700e-11
1   696.3   29.5   4.700e-11
1   663.5   24.6   4.700e-11
1   667.6   26.6   4.700e-11
1   733.7   31.6   4.700e-11
1   761.2   32.9   4.700e-11
1   715.7   30.7   4.700e-11
1   800.8   34.4   4.700e-11
1   744.4   32.2   4.700e-11
1   820.1   35.1   4.700e-11
1   949.0   39.0   4.700e-11
1   1064.0   41.9   4.700e-11
1   663.5   24.6   4.700e-11
1   676.3   22.4   4.700e-11
1   674.2   22.6   4.700e-11
1   687.0   21.5   4.700e-11
1   696.7   20.9   4.700e-11
1   696.9   20.9   4.700e-11
1   671.6   22.9   4.700e-11
1   665.7   26.2   4.700e-11
1   664.0   24.4   4.700e-11
1   663.2   25.2   4.700e-11
1   663.2   25.2   4.700e-11
1   666.1   23.8   4.700e-11
1   666.5   23.7   4.700e-11
1   694.2   21.0   4.700e-11
1   684.2   21.7   4.700e-11
1   665.9   23.8   4.700e-11
1   665.9   23.8   4.700e-11
1   663.9   24.4   4.700e-11
1   667.3   26.6   4.700e-11
1   674.6   27.6   4.700e-11
1   643.2   26.5   4.800e-11
1   642.7   26.3   4.800e-11
1   656.7   22.3   4.800e-11
1   684.1   20.5   4.800e-11
1   721.0   18.9   4.800e-11
1   1090.4   12.1   4.800e-11
1   1150.3   11.5   4.800e-11
1   994.2   13.2   4.800e-11
1   728.6   18.6   4.800e-11
1   768.7   17.4   4.800e-11
1   642.7   26.3   4.800e-11
1   643.8   26.6   4.800e-11
1   648.7   23.2   4.800e-11
1   660.7   22.0   4.800e-11
1   658.8   22.1   4.800e-11
1   933.5   14.1   4.800e-11
1   1168.8   11.3   4.800e-11
1   1020.6   12.9   4.800e-11
1   940.5   14.0   4.800e-11
1   873.4   15.1   4.800e-11
1   642.7   26.3   4.800e-11
1   644.0   26.7   4.800e-11
1   648.3   27.5   4.800e-11
1   655.8   28.4   4.800e-11
1   654.0   28.2   4.800e-11
1   680.7   30.5   4.800e-11
1   664.2   29.2   4.800e-11
1   655.4   28.4   4.800e-11
1   641.9   26.0   4.800e-11
1   674.4   30.1   4.800e-11
1   641.9   26.0   4.800e-11
1   641.5   24.8   4.800e-11
1   645.3   23.7   4.800e-11
1   644.8   23.8   4.800e-11
1   641.7   24.7   4.800e-11
1   641.2   25.1   4.800e-11
1   641.4   24.9   4.800e-11
1   643.4   26.5   4.800e-11
1   667.6   29.5   4.800e-11
1   655.8   28.4   4.800e-11
1   641.2   25.1   4.800e-11
1   642.2   24.5   4.800e-11
1   644.3   23.9   4.800e-11
1   644.8   23.8   4.800e-11
1   641.4   24.9   4.800e-11
1   650.2   27.7   4.800e-11
1   650.7   27.8   4.800e-11
1   664.2   29.2   4.800e-11
1   661.7   29.0   4.800e-11
1   672.8   29.9   4.800e-11
1   714.7   34.8   4.900e-11
1   902.6   42.5   4.900e-11
1   885.5   41.9   4.900e-11
1   765.1   37.2   4.900e-11
1   694.0   33.8   4.900e-11
1   698.5   18.8   4.900e-11
1   664.0   20.2   4.900e-11
1   656.3   20.6   4.900e-11
1   614.4   24.9   4.900e-11
1   617.3   24.1   4.900e-11
1   614.4   24.9   4.900e-11
1   637.7   21.8   4.900e-11
1   805.5   15.9   4.900e-11
1   976.4   13.0   4.900e-11
1   764.8   16.8   4.900e-11
1   1049.9   12.1   4.900e-11
1   968.2   13.2   4.900e-11
1   703.5   18.6   4.900e-11
1   688.1   19.2   4.900e-11
1   613.5   25.9   4.900e-11
1   613.5   25.9   4.900e-11
1   619.0   27.7   4.900e-11
1   618.4   27.6   4.900e-11
1   632.9   29.5   4.900e-11
1   619.1   27.7   4.900e-11
1   622.2   28.2   4.900e-11
1   629.5   22.5   4.900e-11
1   615.3   24.6   4.900e-11
1   614.3   25.0   4.900e-11
1   616.0   24.4   4.900e-11
1   613.5   25.9   4.900e-11
1   616.0   24.4   4.900e-11
1   621.0   23.5   4.900e-11
1   654.1   20.8   4.900e-11
1   621.7   23.4   4.900e-11
1   633.6   22.2   4.900e-11
1   657.0   20.6   4.900e-11
1   655.0   20.7   4.900e-11
1   675.8   19.7   4.900e-11
1   732.5   17.7   4.900e-11
1   613.5   25.9   4.900e-11
1   615.2   26.8   4.900e-11
1   613.5   25.6   4.900e-11
1   613.7   26.1   4.900e-11
1   618.9   27.7   4.900e-11
1   614.7   26.6   4.900e-11
1   613.8   26.2   4.900e-11
1   615.8   24.5   4.900e-11
1   615.9   24.4   4.900e-11
1   616.9   24.2   4.900e-11
