#mum1 -12 to -11
# weight  -log(liklihood) T12  muj 
1   2.4   33.6   1.000e-13
1   2.5   35.0   1.000e-13
1   4.1   40.3   1.000e-13
1   5.6   44.4   1.000e-13
1   2.5   35.0   1.000e-13
1   16.6   22.5   1.000e-13
1   18.8   21.7   1.000e-13
1   13.0   23.8   1.000e-13
1   5.7   27.7   1.000e-13
1   11.9   24.3   1.000e-13
1   2.4   33.6   1.000e-13
1   2.5   34.8   1.000e-13
1   5.9   27.6   1.000e-13
1   2.6   32.3   1.000e-13
1   2.4   34.2   1.000e-13
1   4.0   40.2   1.000e-13
1   4.3   40.8   1.000e-13
1   2.9   37.1   1.000e-13
1   2.7   36.0   1.000e-13
1   4.0   40.1   1.000e-13
1   2.4   33.6   1.000e-13
1   2.5   35.2   1.000e-13
1   3.7   39.2   1.000e-13
1   4.7   41.8   1.000e-13
1   3.9   39.8   1.000e-13
1   2.5   34.9   1.000e-13
1   3.0   31.1   1.000e-13
1   3.6   29.9   1.000e-13
1   3.3   30.4   1.000e-13
1   2.4   33.5   1.000e-13
1   2.4   33.6   1.000e-13
1   5.5   27.9   1.000e-13
1   6.0   27.5   1.000e-13
1   7.5   26.4   1.000e-13
1   7.2   26.6   1.000e-13
1   7.9   26.2   1.000e-13
1   4.2   29.1   1.000e-13
1   7.2   26.6   1.000e-13
1   9.4   25.3   1.000e-13
1   17.4   22.2   1.000e-13
1   2.4   33.6   1.000e-13
1   2.5   34.7   1.000e-13
1   2.7   36.1   1.000e-13
1   3.1   37.6   1.000e-13
1   2.7   36.2   1.000e-13
1   3.0   37.4   1.000e-13
1   2.5   35.0   1.000e-13
1   2.4   34.1   1.000e-13
1   2.6   35.6   1.000e-13
1   2.5   34.4   1.000e-13
1   2.5   33.3   1.040e-13
1   2.8   36.5   1.040e-13
1   2.5   32.9   1.040e-13
1   2.4   34.3   1.040e-13
1   2.5   34.7   1.040e-13
1   6.0   45.7   1.040e-13
1   9.7   56.2   1.040e-13
1   11.6   59.4   1.040e-13
1   8.9   54.6   1.040e-13
1   8.2   52.7   1.040e-13
1   2.4   34.3   1.040e-13
1   2.4   33.7   1.040e-13
1   3.5   38.7   1.040e-13
1   5.3   43.6   1.040e-13
1   5.4   44.0   1.040e-13
1   4.1   40.3   1.040e-13
1   5.7   44.9   1.040e-13
1   4.5   41.4   1.040e-13
1   4.8   42.1   1.040e-13
1   4.7   42.0   1.040e-13
1   2.4   33.7   1.040e-13
1   2.5   33.2   1.040e-13
1   5.9   27.6   1.040e-13
1   12.5   24.0   1.040e-13
1   12.5   24.0   1.040e-13
1   5.1   28.2   1.040e-13
1   6.6   27.0   1.040e-13
1   3.0   31.0   1.040e-13
1   2.6   32.4   1.040e-13
1   3.1   30.8   1.040e-13
1   2.4   33.7   1.040e-13
1   2.6   32.5   1.040e-13
1   2.5   34.7   1.040e-13
1   2.6   35.4   1.040e-13
1   2.6   35.7   1.040e-13
1   2.6   35.7   1.040e-13
1   2.5   34.9   1.040e-13
1   2.6   35.7   1.040e-13
1   3.0   37.2   1.040e-13
1   2.5   32.7   1.040e-13
1   2.4   33.7   1.040e-13
1   2.4   33.9   1.040e-13
1   2.6   32.2   1.040e-13
1   2.5   32.7   1.040e-13
1   2.5   34.6   1.040e-13
1   2.4   33.8   1.040e-13
1   2.4   34.3   1.040e-13
1   2.5   34.9   1.040e-13
1   2.4   33.8   1.040e-13
1   2.5   32.9   1.040e-13
1   2.7   31.7   1.081e-13
1   3.0   37.4   1.081e-13
1   2.5   33.2   1.081e-13
1   2.8   31.4   1.081e-13
1   3.8   29.6   1.081e-13
1   2.5   33.3   1.081e-13
1   4.2   40.6   1.081e-13
1   2.7   36.3   1.081e-13
1   2.4   34.2   1.081e-13
1   4.8   42.3   1.081e-13
1   2.4   34.2   1.081e-13
1   2.4   34.2   1.081e-13
1   3.3   38.1   1.081e-13
1   4.0   40.1   1.081e-13
1   2.9   36.8   1.081e-13
1   3.1   37.6   1.081e-13
1   2.5   34.4   1.081e-13
1   2.5   33.3   1.081e-13
1   2.6   35.6   1.081e-13
1   5.3   43.7   1.081e-13
1   2.4   34.2   1.081e-13
1   3.1   30.8   1.081e-13
1   8.4   25.9   1.081e-13
1   3.7   29.8   1.081e-13
1   2.8   31.6   1.081e-13
1   3.2   30.6   1.081e-13
1   3.3   30.4   1.081e-13
1   5.6   27.8   1.081e-13
1   2.4   34.0   1.081e-13
1   2.7   31.8   1.081e-13
1   2.4   34.0   1.081e-13
1   2.5   34.6   1.081e-13
1   3.0   37.1   1.081e-13
1   2.8   36.6   1.081e-13
1   3.0   37.4   1.081e-13
1   2.8   36.4   1.081e-13
1   3.3   38.2   1.081e-13
1   2.5   34.9   1.081e-13
1   2.6   32.1   1.081e-13
1   2.7   36.0   1.081e-13
1   2.4   34.0   1.081e-13
1   2.5   35.0   1.081e-13
1   2.5   34.7   1.081e-13
1   2.7   36.2   1.081e-13
1   2.6   35.7   1.081e-13
1   2.6   35.5   1.081e-13
1   3.1   37.6   1.081e-13
1   3.4   38.4   1.081e-13
1   2.8   36.5   1.081e-13
1   2.8   36.5   1.081e-13
1   2.5   34.4   1.124e-13
1   2.5   34.4   1.124e-13
1   3.4   38.6   1.124e-13
1   2.5   35.3   1.124e-13
1   2.7   31.6   1.124e-13
1   13.5   23.6   1.124e-13
1   8.4   25.9   1.124e-13
1   63.3   13.8   1.124e-13
1   74.1   12.6   1.124e-13
1   58.2   14.4   1.124e-13
1   2.5   34.4   1.124e-13
1   2.7   36.1   1.124e-13
1   6.5   47.5   1.124e-13
1   5.5   44.1   1.124e-13
1   5.2   43.2   1.124e-13
1   7.4   50.4   1.124e-13
1   8.0   52.2   1.124e-13
1   6.5   47.4   1.124e-13
1   7.2   49.6   1.124e-13
1   6.2   46.4   1.124e-13
1   2.5   34.4   1.124e-13
1   3.0   31.0   1.124e-13
1   3.0   31.0   1.124e-13
1   2.8   36.7   1.124e-13
1   2.7   36.3   1.124e-13
1   3.2   37.9   1.124e-13
1   2.4   34.2   1.124e-13
1   2.4   33.9   1.124e-13
1   3.0   37.1   1.124e-13
1   2.6   35.9   1.124e-13
1   2.4   33.9   1.124e-13
1   2.9   31.2   1.124e-13
1   2.5   33.0   1.124e-13
1   2.4   33.8   1.124e-13
1   2.5   33.2   1.124e-13
1   2.6   32.1   1.124e-13
1   2.5   33.4   1.124e-13
1   2.7   31.7   1.124e-13
1   2.9   31.1   1.124e-13
1   4.6   28.6   1.124e-13
1   2.4   33.8   1.124e-13
1   2.4   33.9   1.124e-13
1   2.5   34.8   1.124e-13
1   2.4   33.9   1.124e-13
1   2.5   34.8   1.124e-13
1   2.5   34.6   1.124e-13
1   2.4   33.5   1.124e-13
1   2.6   35.4   1.124e-13
1   2.8   36.5   1.124e-13
1   2.6   35.5   1.124e-13
1   4.4   28.8   1.169e-13
1   21.3   20.9   1.169e-13
1   19.5   21.5   1.169e-13
1   11.3   24.5   1.169e-13
1   2.7   31.9   1.169e-13
1   7.4   26.5   1.169e-13
1   5.9   27.6   1.169e-13
1   2.9   36.7   1.169e-13
1   12.7   23.9   1.169e-13
1   7.6   26.3   1.169e-13
1   2.7   31.9   1.169e-13
1   3.1   37.6   1.169e-13
1   2.4   33.9   1.169e-13
1   3.6   39.0   1.169e-13
1   2.8   36.7   1.169e-13
1   2.5   32.7   1.169e-13
1   3.0   31.0   1.169e-13
1   2.4   34.0   1.169e-13
1   2.7   36.1   1.169e-13
1   9.0   25.6   1.169e-13
1   2.4   33.9   1.169e-13
1   3.7   29.8   1.169e-13
1   2.6   32.3   1.169e-13
1   2.7   31.7   1.169e-13
1   2.4   33.7   1.169e-13
1   2.4   34.0   1.169e-13
1   3.1   37.7   1.169e-13
1   3.0   37.3   1.169e-13
1   4.1   40.3   1.169e-13
1   6.7   47.9   1.169e-13
1   2.4   33.7   1.169e-13
1   2.6   35.6   1.169e-13
1   2.5   34.2   1.169e-13
1   2.7   36.3   1.169e-13
1   2.4   33.7   1.169e-13
1   2.5   34.5   1.169e-13
1   2.5   35.0   1.169e-13
1   3.7   29.8   1.169e-13
1   3.3   30.4   1.169e-13
1   2.6   32.1   1.169e-13
1   2.4   33.7   1.169e-13
1   2.5   34.8   1.169e-13
1   2.5   34.4   1.169e-13
1   2.6   32.5   1.169e-13
1   2.6   32.1   1.169e-13
1   2.5   32.7   1.169e-13
1   2.4   33.8   1.169e-13
1   2.5   34.5   1.169e-13
1   2.4   34.0   1.169e-13
1   2.5   32.7   1.169e-13
1   2.4   34.0   1.215e-13
1   3.0   37.3   1.215e-13
1   6.8   48.1   1.215e-13
1   9.6   56.1   1.215e-13
1   10.1   57.0   1.215e-13
1   10.0   56.8   1.215e-13
1   13.8   62.2   1.215e-13
1   10.7   58.0   1.215e-13
1   7.1   49.4   1.215e-13
1   5.4   43.7   1.215e-13
1   2.4   34.0   1.215e-13
1   2.5   35.1   1.215e-13
1   2.7   31.7   1.215e-13
1   5.4   28.0   1.215e-13
1   21.2   21.0   1.215e-13
1   22.3   20.7   1.215e-13
1   63.1   13.8   1.215e-13
1   47.2   15.9   1.215e-13
1   34.1   18.0   1.215e-13
1   62.7   13.9   1.215e-13
1   2.4   34.0   1.215e-13
1   2.5   34.3   1.215e-13
1   2.6   32.1   1.215e-13
1   3.2   30.6   1.215e-13
1   7.3   26.5   1.215e-13
1   5.1   28.2   1.215e-13
1   7.0   26.7   1.215e-13
1   3.1   30.7   1.215e-13
1   3.6   38.9   1.215e-13
1   4.1   40.4   1.215e-13
1   2.4   34.0   1.215e-13
1   2.5   33.2   1.215e-13
1   2.4   33.5   1.215e-13
1   2.5   34.7   1.215e-13
1   2.6   32.2   1.215e-13
1   3.1   30.7   1.215e-13
1   4.7   28.5   1.215e-13
1   5.3   28.0   1.215e-13
1   2.9   31.3   1.215e-13
1   2.6   32.4   1.215e-13
1   2.4   34.0   1.215e-13
1   2.5   33.1   1.215e-13
1   2.5   33.0   1.215e-13
1   2.6   32.5   1.215e-13
1   3.1   30.7   1.215e-13
1   4.3   29.0   1.215e-13
1   4.8   28.5   1.215e-13
1   6.5   27.1   1.215e-13
1   5.9   27.5   1.215e-13
1   6.5   27.1   1.215e-13
1   2.8   31.6   1.264e-13
1   3.0   31.0   1.264e-13
1   10.3   24.9   1.264e-13
1   60.8   14.1   1.264e-13
1   31.0   18.6   1.264e-13
1   99.8   10.1   1.264e-13
1   54.8   14.9   1.264e-13
1   44.1   16.3   1.264e-13
1   17.7   22.1   1.264e-13
1   6.7   26.9   1.264e-13
1   2.8   31.6   1.264e-13
1   3.4   30.2   1.264e-13
1   2.9   31.2   1.264e-13
1   18.7   21.7   1.264e-13
1   15.3   22.9   1.264e-13
1   46.8   15.9   1.264e-13
1   47.5   15.8   1.264e-13
1   29.4   18.9   1.264e-13
1   11.2   24.5   1.264e-13
1   16.8   22.4   1.264e-13
1   2.8   31.6   1.264e-13
1   4.1   29.2   1.264e-13
1   14.2   23.3   1.264e-13
1   14.7   23.1   1.264e-13
1   19.3   21.5   1.264e-13
1   18.3   21.9   1.264e-13
1   20.6   21.1   1.264e-13
1   14.0   23.4   1.264e-13
1   7.7   26.3   1.264e-13
1   21.1   21.0   1.264e-13
1   2.8   31.6   1.264e-13
1   2.8   31.4   1.264e-13
1   2.6   32.3   1.264e-13
1   2.6   32.1   1.264e-13
1   2.7   31.9   1.264e-13
1   3.3   30.3   1.264e-13
1   2.9   31.3   1.264e-13
1   2.5   34.1   1.264e-13
1   2.5   34.4   1.264e-13
1   2.4   33.9   1.264e-13
1   2.4   33.9   1.264e-13
1   2.4   33.9   1.264e-13
1   2.5   34.3   1.264e-13
1   2.6   32.3   1.264e-13
1   2.8   31.6   1.264e-13
1   2.6   32.3   1.264e-13
1   2.5   32.7   1.264e-13
1   2.6   32.1   1.264e-13
1   3.2   30.5   1.264e-13
1   5.6   27.8   1.264e-13
1   2.5   33.0   1.314e-13
1   2.5   34.1   1.314e-13
1   7.5   26.4   1.314e-13
1   2.5   34.3   1.314e-13
1   3.2   37.9   1.314e-13
1   4.0   40.1   1.314e-13
1   5.2   43.3   1.314e-13
1   4.1   40.4   1.314e-13
1   3.5   38.6   1.314e-13
1   7.6   50.8   1.314e-13
1   2.5   34.1   1.314e-13
1   2.6   32.3   1.314e-13
1   2.5   34.1   1.314e-13
1   3.0   37.1   1.314e-13
1   3.4   38.4   1.314e-13
1   2.5   34.5   1.314e-13
1   3.1   37.4   1.314e-13
1   5.1   43.0   1.314e-13
1   4.0   40.0   1.314e-13
1   4.5   41.3   1.314e-13
1   2.5   34.1   1.314e-13
1   2.5   35.1   1.314e-13
1   3.5   38.6   1.314e-13
1   4.5   41.3   1.314e-13
1   4.6   41.6   1.314e-13
1   4.0   39.9   1.314e-13
1   5.3   43.5   1.314e-13
1   3.0   37.0   1.314e-13
1   2.4   33.7   1.314e-13
1   3.6   29.9   1.314e-13
1   2.4   33.7   1.314e-13
1   2.5   34.6   1.314e-13
1   3.3   38.0   1.314e-13
1   2.4   33.9   1.314e-13
1   2.6   35.5   1.314e-13
1   3.0   37.0   1.314e-13
1   2.4   33.6   1.314e-13
1   2.4   33.8   1.314e-13
1   2.5   34.1   1.314e-13
1   2.5   34.8   1.314e-13
1   2.4   33.8   1.314e-13
1   2.5   35.0   1.314e-13
1   2.6   35.7   1.314e-13
1   2.5   34.5   1.314e-13
1   2.5   34.6   1.314e-13
1   2.5   34.9   1.314e-13
1   2.4   33.9   1.314e-13
1   2.5   34.6   1.314e-13
1   2.6   35.4   1.314e-13
1   2.5   34.6   1.314e-13
1   2.5   34.7   1.366e-13
1   3.0   37.1   1.366e-13
1   4.8   42.0   1.366e-13
1   7.5   50.5   1.366e-13
1   7.8   51.6   1.366e-13
1   3.7   39.3   1.366e-13
1   3.4   38.4   1.366e-13
1   4.1   40.2   1.366e-13
1   2.9   36.7   1.366e-13
1   6.3   46.5   1.366e-13
1   2.5   34.7   1.366e-13
1   3.0   37.1   1.366e-13
1   3.5   38.6   1.366e-13
1   3.5   30.0   1.366e-13
1   2.6   32.0   1.366e-13
1   2.5   34.7   1.366e-13
1   2.5   33.2   1.366e-13
1   6.0   27.4   1.366e-13
1   13.5   23.6   1.366e-13
1   17.7   22.0   1.366e-13
1   2.5   33.2   1.366e-13
1   3.1   30.8   1.366e-13
1   3.3   30.4   1.366e-13
1   2.8   31.5   1.366e-13
1   2.6   32.6   1.366e-13
1   2.8   36.4   1.366e-13
1   2.5   34.1   1.366e-13
1   2.7   35.9   1.366e-13
1   2.8   36.6   1.366e-13
1   2.5   33.9   1.366e-13
1   2.5   33.9   1.366e-13
1   2.9   36.9   1.366e-13
1   3.4   38.3   1.366e-13
1   2.9   36.8   1.366e-13
1   3.1   37.3   1.366e-13
1   2.5   34.1   1.366e-13
1   4.0   40.0   1.366e-13
1   4.1   40.3   1.366e-13
1   2.8   36.3   1.366e-13
1   3.1   37.4   1.366e-13
1   2.5   33.9   1.366e-13
1   2.5   33.9   1.366e-13
1   2.5   33.3   1.366e-13
1   2.5   33.5   1.366e-13
1   2.6   32.7   1.366e-13
1   2.7   31.7   1.366e-13
1   2.8   31.4   1.366e-13
1   3.1   30.8   1.366e-13
1   2.9   31.2   1.366e-13
1   2.9   31.3   1.366e-13
1   4.1   29.2   1.421e-13
1   2.5   33.8   1.421e-13
1   3.8   29.5   1.421e-13
1   4.9   28.3   1.421e-13
1   4.6   28.6   1.421e-13
1   2.6   35.4   1.421e-13
1   2.9   31.1   1.421e-13
1   7.9   26.2   1.421e-13
1   25.0   19.9   1.421e-13
1   21.2   20.9   1.421e-13
1   2.5   33.8   1.421e-13
1   2.7   31.8   1.421e-13
1   2.5   33.3   1.421e-13
1   2.6   32.5   1.421e-13
1   3.0   31.1   1.421e-13
1   2.6   32.5   1.421e-13
1   4.9   28.4   1.421e-13
1   2.5   34.0   1.421e-13
1   2.9   36.9   1.421e-13
1   2.8   36.5   1.421e-13
1   2.5   33.8   1.421e-13
1   2.9   36.7   1.421e-13
1   2.7   36.2   1.421e-13
1   3.8   39.4   1.421e-13
1   4.4   41.0   1.421e-13
1   4.8   42.0   1.421e-13
1   4.5   41.3   1.421e-13
1   2.9   31.2   1.421e-13
1   3.3   30.4   1.421e-13
1   8.0   26.1   1.421e-13
1   2.5   33.8   1.421e-13
1   2.5   34.4   1.421e-13
1   2.5   34.8   1.421e-13
1   2.6   35.2   1.421e-13
1   2.6   35.5   1.421e-13
1   2.8   36.5   1.421e-13
1   2.9   36.8   1.421e-13
1   2.9   36.8   1.421e-13
1   2.5   34.5   1.421e-13
1   2.5   34.4   1.421e-13
1   2.5   33.8   1.421e-13
1   2.5   33.8   1.421e-13
1   2.5   33.5   1.421e-13
1   2.6   32.4   1.421e-13
1   2.5   33.0   1.421e-13
1   2.6   32.4   1.421e-13
1   3.0   31.1   1.421e-13
1   2.5   33.3   1.421e-13
1   2.5   33.7   1.421e-13
1   2.5   33.7   1.421e-13
1   2.5   34.7   1.477e-13
1   5.1   28.2   1.477e-13
1   16.7   22.4   1.477e-13
1   13.4   23.6   1.477e-13
1   5.1   28.2   1.477e-13
1   82.7   11.7   1.477e-13
1   38.7   17.2   1.477e-13
1   11.8   24.2   1.477e-13
1   6.0   27.4   1.477e-13
1   27.1   19.4   1.477e-13
1   2.5   34.7   1.477e-13
1   2.7   36.0   1.477e-13
1   6.0   27.5   1.477e-13
1   7.4   26.4   1.477e-13
1   3.0   31.1   1.477e-13
1   2.6   35.5   1.477e-13
1   3.4   38.3   1.477e-13
1   4.0   39.8   1.477e-13
1   2.5   35.0   1.477e-13
1   3.4   38.2   1.477e-13
1   2.5   34.7   1.477e-13
1   9.1   25.5   1.477e-13
1   7.1   26.6   1.477e-13
1   6.4   27.1   1.477e-13
1   9.8   25.1   1.477e-13
1   11.5   24.4   1.477e-13
1   8.5   25.8   1.477e-13
1   14.5   23.2   1.477e-13
1   12.0   24.1   1.477e-13
1   17.0   22.3   1.477e-13
1   2.5   34.7   1.477e-13
1   2.5   34.6   1.477e-13
1   2.7   31.7   1.477e-13
1   4.0   29.3   1.477e-13
1   6.7   26.9   1.477e-13
1   3.6   29.9   1.477e-13
1   7.4   26.4   1.477e-13
1   8.0   26.1   1.477e-13
1   5.5   27.8   1.477e-13
1   12.4   24.0   1.477e-13
1   2.5   34.6   1.477e-13
1   2.6   35.4   1.477e-13
1   3.0   36.9   1.477e-13
1   3.0   37.3   1.477e-13
1   2.6   35.6   1.477e-13
1   2.7   35.9   1.477e-13
1   2.8   36.3   1.477e-13
1   2.6   35.1   1.477e-13
1   2.7   35.9   1.477e-13
1   3.0   37.1   1.477e-13
1   2.9   31.2   1.536e-13
1   2.6   32.5   1.536e-13
1   2.5   34.4   1.536e-13
1   3.0   31.1   1.536e-13
1   6.3   46.6   1.536e-13
1   6.4   46.8   1.536e-13
1   5.9   45.3   1.536e-13
1   3.4   38.3   1.536e-13
1   2.6   32.3   1.536e-13
1   3.3   38.0   1.536e-13
1   2.5   34.4   1.536e-13
1   3.4   38.2   1.536e-13
1   3.5   38.5   1.536e-13
1   2.5   34.8   1.536e-13
1   5.7   44.6   1.536e-13
1   7.0   48.8   1.536e-13
1   6.5   47.3   1.536e-13
1   6.0   45.7   1.536e-13
1   5.9   45.1   1.536e-13
1   4.7   41.7   1.536e-13
1   2.5   34.4   1.536e-13
1   2.5   34.1   1.536e-13
1   2.7   36.1   1.536e-13
1   2.7   31.8   1.536e-13
1   2.6   32.1   1.536e-13
1   2.6   32.3   1.536e-13
1   2.9   31.3   1.536e-13
1   3.5   30.1   1.536e-13
1   4.3   29.0   1.536e-13
1   3.9   29.4   1.536e-13
1   2.5   34.1   1.536e-13
1   2.5   34.9   1.536e-13
1   2.5   34.0   1.536e-13
1   2.5   34.5   1.536e-13
1   2.8   31.4   1.536e-13
1   3.3   30.3   1.536e-13
1   2.7   31.8   1.536e-13
1   2.5   33.1   1.536e-13
1   2.5   33.9   1.536e-13
1   2.9   31.3   1.536e-13
1   2.5   33.9   1.536e-13
1   2.5   34.3   1.536e-13
1   2.6   35.1   1.536e-13
1   2.6   35.6   1.536e-13
1   2.6   35.4   1.536e-13
1   2.5   34.2   1.536e-13
1   2.5   34.6   1.536e-13
1   2.8   36.2   1.536e-13
1   2.7   36.0   1.536e-13
1   2.5   33.4   1.536e-13
1   5.2   28.1   1.597e-13
1   11.0   24.6   1.597e-13
1   21.0   21.0   1.597e-13
1   35.3   17.7   1.597e-13
1   9.2   25.4   1.597e-13
1   18.6   21.7   1.597e-13
1   27.4   19.3   1.597e-13
1   25.0   19.9   1.597e-13
1   13.2   23.6   1.597e-13
1   18.1   21.9   1.597e-13
1   5.2   28.1   1.597e-13
1   2.8   31.4   1.597e-13
1   2.6   32.3   1.597e-13
1   2.7   31.7   1.597e-13
1   13.2   23.7   1.597e-13
1   4.2   29.1   1.597e-13
1   2.7   35.7   1.597e-13
1   2.9   31.1   1.597e-13
1   2.5   34.3   1.597e-13
1   4.5   41.1   1.597e-13
1   2.5   34.3   1.597e-13
1   3.9   39.6   1.597e-13
1   3.5   38.4   1.597e-13
1   3.9   39.5   1.597e-13
1   3.9   39.7   1.597e-13
1   3.7   39.2   1.597e-13
1   5.0   42.5   1.597e-13
1   3.2   37.7   1.597e-13
1   6.5   47.2   1.597e-13
1   5.5   44.1   1.597e-13
1   2.5   34.3   1.597e-13
1   3.0   30.9   1.597e-13
1   2.5   34.4   1.597e-13
1   2.6   32.2   1.597e-13
1   2.6   35.5   1.597e-13
1   2.5   34.2   1.597e-13
1   2.5   34.5   1.597e-13
1   2.7   31.7   1.597e-13
1   7.0   26.7   1.597e-13
1   5.0   28.3   1.597e-13
1   2.5   34.2   1.597e-13
1   2.5   34.3   1.597e-13
1   2.5   34.1   1.597e-13
1   2.5   33.0   1.597e-13
1   2.5   33.7   1.597e-13
1   2.5   33.2   1.597e-13
1   2.7   32.0   1.597e-13
1   2.6   32.6   1.597e-13
1   2.5   33.3   1.597e-13
1   2.5   34.2   1.597e-13
1   4.7   28.6   1.661e-13
1   10.7   24.7   1.661e-13
1   23.8   20.2   1.661e-13
1   18.4   21.8   1.661e-13
1   11.8   24.2   1.661e-13
1   9.9   25.0   1.661e-13
1   38.8   17.1   1.661e-13
1   16.8   22.3   1.661e-13
1   22.3   20.6   1.661e-13
1   16.1   22.6   1.661e-13
1   4.7   28.6   1.661e-13
1   3.9   29.4   1.661e-13
1   7.2   26.5   1.661e-13
1   5.4   27.9   1.661e-13
1   8.2   25.9   1.661e-13
1   2.9   36.6   1.661e-13
1   3.3   38.0   1.661e-13
1   2.9   31.3   1.661e-13
1   4.0   29.3   1.661e-13
1   17.4   22.1   1.661e-13
1   2.9   36.6   1.661e-13
1   2.5   34.0   1.661e-13
1   2.5   34.0   1.661e-13
1   2.5   34.5   1.661e-13
1   2.6   32.2   1.661e-13
1   4.1   29.1   1.661e-13
1   5.0   28.3   1.661e-13
1   4.0   29.3   1.661e-13
1   3.0   31.0   1.661e-13
1   2.5   33.3   1.661e-13
1   2.5   34.0   1.661e-13
1   2.5   34.8   1.661e-13
1   2.5   33.7   1.661e-13
1   2.5   33.6   1.661e-13
1   3.1   37.3   1.661e-13
1   2.7   35.9   1.661e-13
1   2.7   35.6   1.661e-13
1   2.6   35.5   1.661e-13
1   2.7   35.6   1.661e-13
1   2.5   33.0   1.661e-13
1   2.5   33.7   1.661e-13
1   2.5   33.2   1.661e-13
1   2.5   33.4   1.661e-13
1   2.5   33.4   1.661e-13
1   2.5   33.1   1.661e-13
1   2.5   33.4   1.661e-13
1   2.5   34.4   1.661e-13
1   2.5   34.6   1.661e-13
1   2.5   33.0   1.661e-13
1   3.1   30.8   1.661e-13
1   2.5   33.0   1.727e-13
1   2.9   31.2   1.727e-13
1   10.3   24.8   1.727e-13
1   29.7   18.8   1.727e-13
1   35.7   17.7   1.727e-13
1   18.3   21.8   1.727e-13
1   12.3   24.0   1.727e-13
1   13.7   23.4   1.727e-13
1   23.2   20.3   1.727e-13
1   20.2   21.2   1.727e-13
1   2.5   33.0   1.727e-13
1   2.5   34.7   1.727e-13
1   3.9   39.6   1.727e-13
1   4.4   40.9   1.727e-13
1   5.2   43.1   1.727e-13
1   5.6   44.1   1.727e-13
1   3.2   37.6   1.727e-13
1   2.8   36.3   1.727e-13
1   3.3   37.8   1.727e-13
1   3.1   37.2   1.727e-13
1   2.5   33.0   1.727e-13
1   2.6   35.1   1.727e-13
1   2.8   31.6   1.727e-13
1   2.7   31.8   1.727e-13
1   2.5   33.1   1.727e-13
1   3.2   37.6   1.727e-13
1   3.3   37.8   1.727e-13
1   3.1   37.3   1.727e-13
1   2.8   36.3   1.727e-13
1   3.0   30.9   1.727e-13
1   2.5   33.1   1.727e-13
1   2.8   31.7   1.727e-13
1   3.0   31.1   1.727e-13
1   5.0   28.2   1.727e-13
1   5.2   28.0   1.727e-13
1   9.0   25.5   1.727e-13
1   4.4   28.8   1.727e-13
1   8.1   25.9   1.727e-13
1   7.6   26.2   1.727e-13
1   6.9   26.7   1.727e-13
1   2.5   33.1   1.727e-13
1   2.7   31.9   1.727e-13
1   2.5   34.1   1.727e-13
1   2.5   33.8   1.727e-13
1   2.6   35.3   1.727e-13
1   2.5   34.4   1.727e-13
1   2.5   34.1   1.727e-13
1   2.5   34.6   1.727e-13
1   2.5   34.2   1.727e-13
1   2.5   33.4   1.727e-13
1   4.4   28.8   1.796e-13
1   11.5   24.3   1.796e-13
1   52.4   15.1   1.796e-13
1   96.0   10.4   1.796e-13
1   63.9   13.7   1.796e-13
1   47.9   15.7   1.796e-13
1   20.7   21.0   1.796e-13
1   22.6   20.5   1.796e-13
1   13.1   23.7   1.796e-13
1   19.4   21.4   1.796e-13
1   4.4   28.8   1.796e-13
1   2.6   34.6   1.796e-13
1   2.7   35.9   1.796e-13
1   2.9   36.6   1.796e-13
1   2.6   32.3   1.796e-13
1   2.5   34.1   1.796e-13
1   2.6   32.7   1.796e-13
1   3.2   30.5   1.796e-13
1   2.6   32.4   1.796e-13
1   2.9   36.4   1.796e-13
1   2.5   34.1   1.796e-13
1   4.5   28.7   1.796e-13
1   5.4   27.9   1.796e-13
1   5.7   27.6   1.796e-13
1   11.1   24.5   1.796e-13
1   9.9   25.0   1.796e-13
1   8.6   25.7   1.796e-13
1   9.2   25.3   1.796e-13
1   18.2   21.8   1.796e-13
1   23.5   20.2   1.796e-13
1   2.5   34.1   1.796e-13
1   2.6   34.8   1.796e-13
1   2.5   34.5   1.796e-13
1   2.7   35.6   1.796e-13
1   2.7   35.8   1.796e-13
1   2.6   35.0   1.796e-13
1   2.5   33.8   1.796e-13
1   2.9   31.3   1.796e-13
1   2.6   34.9   1.796e-13
1   2.7   35.6   1.796e-13
1   2.5   33.8   1.796e-13
1   2.5   32.9   1.796e-13
1   2.7   31.8   1.796e-13
1   3.4   30.3   1.796e-13
1   3.9   29.4   1.796e-13
1   5.1   28.1   1.796e-13
1   6.0   27.4   1.796e-13
1   7.5   26.3   1.796e-13
1   9.4   25.2   1.796e-13
1   10.1   24.9   1.796e-13
1   3.3   30.3   1.867e-13
1   14.2   23.2   1.867e-13
1   16.9   22.2   1.867e-13
1   8.0   26.0   1.867e-13
1   2.5   33.3   1.867e-13
1   2.5   34.1   1.867e-13
1   2.9   36.6   1.867e-13
1   7.6   50.8   1.867e-13
1   9.1   55.0   1.867e-13
1   12.5   60.6   1.867e-13
1   2.5   33.3   1.867e-13
1   4.5   28.8   1.867e-13
1   7.0   26.6   1.867e-13
1   4.7   28.5   1.867e-13
1   6.7   26.9   1.867e-13
1   4.8   28.4   1.867e-13
1   3.6   29.8   1.867e-13
1   3.1   30.8   1.867e-13
1   23.1   20.3   1.867e-13
1   25.4   19.7   1.867e-13
1   2.5   33.3   1.867e-13
1   2.6   32.6   1.867e-13
1   2.5   34.3   1.867e-13
1   2.8   36.1   1.867e-13
1   2.6   32.5   1.867e-13
1   3.0   30.9   1.867e-13
1   3.5   29.9   1.867e-13
1   3.0   30.9   1.867e-13
1   3.8   29.5   1.867e-13
1   2.5   33.1   1.867e-13
1   2.5   33.3   1.867e-13
1   2.6   34.6   1.867e-13
1   2.9   36.4   1.867e-13
1   4.1   40.0   1.867e-13
1   5.2   42.8   1.867e-13
1   5.3   43.3   1.867e-13
1   4.4   40.8   1.867e-13
1   5.9   44.9   1.867e-13
1   6.3   46.4   1.867e-13
1   5.8   44.8   1.867e-13
1   2.5   33.3   1.867e-13
1   2.6   34.5   1.867e-13
1   2.6   35.1   1.867e-13
1   2.5   33.5   1.867e-13
1   2.6   34.5   1.867e-13
1   2.6   32.5   1.867e-13
1   2.6   32.5   1.867e-13
1   2.5   33.9   1.867e-13
1   2.5   33.8   1.867e-13
1   2.5   34.0   1.867e-13
1   2.8   31.6   1.941e-13
1   4.5   28.7   1.941e-13
1   2.5   33.3   1.941e-13
1   2.5   33.3   1.941e-13
1   2.6   35.0   1.941e-13
1   3.5   38.4   1.941e-13
1   5.1   42.5   1.941e-13
1   4.6   41.3   1.941e-13
1   3.2   30.6   1.941e-13
1   2.6   32.9   1.941e-13
1   2.5   33.3   1.941e-13
1   3.8   29.6   1.941e-13
1   6.2   27.2   1.941e-13
1   5.6   27.7   1.941e-13
1   2.6   32.7   1.941e-13
1   3.4   30.2   1.941e-13
1   3.2   37.4   1.941e-13
1   4.4   40.6   1.941e-13
1   3.1   30.8   1.941e-13
1   2.6   34.9   1.941e-13
1   2.5   33.3   1.941e-13
1   2.6   33.0   1.941e-13
1   2.9   31.2   1.941e-13
1   2.5   34.2   1.941e-13
1   3.5   30.0   1.941e-13
1   5.0   28.2   1.941e-13
1   7.7   26.2   1.941e-13
1   9.4   25.2   1.941e-13
1   7.0   26.6   1.941e-13
1   8.6   25.6   1.941e-13
1   2.5   33.3   1.941e-13
1   2.6   34.7   1.941e-13
1   2.5   33.9   1.941e-13
1   2.6   34.3   1.941e-13
1   2.5   33.3   1.941e-13
1   2.5   34.1   1.941e-13
1   3.9   39.3   1.941e-13
1   3.7   39.0   1.941e-13
1   4.3   40.4   1.941e-13
1   3.2   37.6   1.941e-13
1   2.5   33.9   1.941e-13
1   2.6   33.0   1.941e-13
1   3.2   30.6   1.941e-13
1   3.0   31.0   1.941e-13
1   2.6   32.2   1.941e-13
1   2.6   32.4   1.941e-13
1   2.5   33.2   1.941e-13
1   2.6   33.0   1.941e-13
1   2.6   34.3   1.941e-13
1   2.7   35.8   1.941e-13
1   7.4   26.4   2.019e-13
1   24.6   19.9   2.019e-13
1   8.2   25.9   2.019e-13
1   6.6   26.9   2.019e-13
1   16.4   22.4   2.019e-13
1   13.3   23.5   2.019e-13
1   6.8   26.7   2.019e-13
1   21.0   20.9   2.019e-13
1   13.5   23.4   2.019e-13
1   3.4   30.2   2.019e-13
1   3.4   30.2   2.019e-13
1   8.5   25.7   2.019e-13
1   11.7   24.2   2.019e-13
1   18.4   21.7   2.019e-13
1   13.2   23.6   2.019e-13
1   5.3   27.9   2.019e-13
1   9.1   25.3   2.019e-13
1   16.7   22.3   2.019e-13
1   8.8   25.5   2.019e-13
1   9.6   25.1   2.019e-13
1   3.4   30.2   2.019e-13
1   7.2   26.4   2.019e-13
1   6.5   27.0   2.019e-13
1   3.6   29.8   2.019e-13
1   4.6   28.6   2.019e-13
1   5.5   27.8   2.019e-13
1   5.9   27.5   2.019e-13
1   4.9   28.3   2.019e-13
1   5.7   27.6   2.019e-13
1   7.8   26.1   2.019e-13
1   3.4   30.2   2.019e-13
1   3.5   29.9   2.019e-13
1   6.9   26.6   2.019e-13
1   3.4   30.1   2.019e-13
1   2.8   31.7   2.019e-13
1   2.9   31.2   2.019e-13
1   2.6   34.2   2.019e-13
1   2.5   33.3   2.019e-13
1   2.7   31.9   2.019e-13
1   2.7   35.2   2.019e-13
1   2.5   33.3   2.019e-13
1   2.7   32.1   2.019e-13
1   2.9   31.4   2.019e-13
1   3.0   30.9   2.019e-13
1   3.9   29.4   2.019e-13
1   3.7   29.7   2.019e-13
1   3.1   30.7   2.019e-13
1   4.5   28.7   2.019e-13
1   5.4   27.8   2.019e-13
1   6.2   27.2   2.019e-13
1   6.9   26.7   2.099e-13
1   6.1   27.3   2.099e-13
1   7.8   26.1   2.099e-13
1   8.5   25.7   2.099e-13
1   7.1   26.5   2.099e-13
1   2.6   34.0   2.099e-13
1   4.0   29.3   2.099e-13
1   3.5   38.1   2.099e-13
1   7.5   50.5   2.099e-13
1   7.5   50.4   2.099e-13
1   2.6   34.0   2.099e-13
1   3.3   37.6   2.099e-13
1   4.1   39.7   2.099e-13
1   3.5   38.1   2.099e-13
1   5.7   44.1   2.099e-13
1   7.6   50.7   2.099e-13
1   7.1   48.9   2.099e-13
1   5.4   43.5   2.099e-13
1   5.6   44.0   2.099e-13
1   3.6   38.6   2.099e-13
1   2.6   34.0   2.099e-13
1   7.0   26.6   2.099e-13
1   3.4   30.2   2.099e-13
1   6.7   26.8   2.099e-13
1   11.8   24.1   2.099e-13
1   15.9   22.6   2.099e-13
1   17.6   21.9   2.099e-13
1   17.9   21.9   2.099e-13
1   9.7   25.1   2.099e-13
1   6.1   27.2   2.099e-13
1   2.6   34.0   2.099e-13
1   2.6   34.3   2.099e-13
1   2.9   31.4   2.099e-13
1   3.4   30.1   2.099e-13
1   3.6   29.8   2.099e-13
1   4.6   28.5   2.099e-13
1   5.0   28.1   2.099e-13
1   5.6   27.7   2.099e-13
1   7.4   26.4   2.099e-13
1   6.2   27.2   2.099e-13
1   2.6   34.0   2.099e-13
1   2.6   33.8   2.099e-13
1   2.6   33.7   2.099e-13
1   2.8   36.0   2.099e-13
1   2.7   35.3   2.099e-13
1   2.7   35.3   2.099e-13
1   2.7   35.5   2.099e-13
1   2.6   34.4   2.099e-13
1   2.7   32.3   2.099e-13
1   2.6   32.7   2.099e-13
1   2.6   32.6   2.183e-13
1   2.7   35.1   2.183e-13
1   2.7   34.9   2.183e-13
1   4.8   41.7   2.183e-13
1   2.8   35.8   2.183e-13
1   4.3   28.9   2.183e-13
1   2.8   31.6   2.183e-13
1   3.1   36.9   2.183e-13
1   5.9   44.7   2.183e-13
1   5.9   44.8   2.183e-13
1   2.6   32.6   2.183e-13
1   3.2   30.6   2.183e-13
1   4.0   29.3   2.183e-13
1   2.6   33.5   2.183e-13
1   2.7   32.5   2.183e-13
1   3.3   37.6   2.183e-13
1   3.5   38.0   2.183e-13
1   3.4   38.0   2.183e-13
1   4.3   40.3   2.183e-13
1   2.9   36.3   2.183e-13
1   2.6   33.5   2.183e-13
1   2.7   32.0   2.183e-13
1   2.7   32.1   2.183e-13
1   3.5   30.1   2.183e-13
1   5.8   27.5   2.183e-13
1   6.8   26.7   2.183e-13
1   7.6   26.2   2.183e-13
1   6.5   26.9   2.183e-13
1   16.4   22.4   2.183e-13
1   14.0   23.2   2.183e-13
1   2.6   33.5   2.183e-13
1   2.6   34.7   2.183e-13
1   3.5   38.1   2.183e-13
1   4.0   39.5   2.183e-13
1   5.0   42.1   2.183e-13
1   4.9   41.9   2.183e-13
1   5.0   42.2   2.183e-13
1   4.9   41.7   2.183e-13
1   5.5   43.5   2.183e-13
1   6.8   47.8   2.183e-13
1   2.6   33.5   2.183e-13
1   2.7   35.0   2.183e-13
1   2.6   34.4   2.183e-13
1   2.6   34.1   2.183e-13
1   3.0   31.0   2.183e-13
1   2.7   31.9   2.183e-13
1   2.6   32.9   2.183e-13
1   2.6   33.8   2.183e-13
1   2.6   33.1   2.183e-13
1   2.6   34.1   2.183e-13
1   2.8   31.9   2.270e-13
1   8.4   25.7   2.270e-13
1   20.0   21.1   2.270e-13
1   57.7   14.3   2.270e-13
1   48.7   15.5   2.270e-13
1   65.8   13.4   2.270e-13
1   68.9   13.0   2.270e-13
1   63.6   13.6   2.270e-13
1   72.3   12.7   2.270e-13
1   85.9   11.3   2.270e-13
1   2.8   31.9   2.270e-13
1   3.0   31.0   2.270e-13
1   3.2   30.7   2.270e-13
1   5.5   27.8   2.270e-13
1   16.4   22.3   2.270e-13
1   30.4   18.6   2.270e-13
1   8.5   25.6   2.270e-13
1   2.8   31.7   2.270e-13
1   4.0   39.5   2.270e-13
1   6.3   45.9   2.270e-13
1   2.8   31.9   2.270e-13
1   2.7   32.4   2.270e-13
1   2.8   31.8   2.270e-13
1   2.6   34.0   2.270e-13
1   4.2   29.0   2.270e-13
1   5.8   27.5   2.270e-13
1   3.0   31.0   2.270e-13
1   2.6   33.8   2.270e-13
1   3.1   30.7   2.270e-13
1   3.0   36.6   2.270e-13
1   2.6   33.8   2.270e-13
1   2.6   34.2   2.270e-13
1   2.7   35.3   2.270e-13
1   3.2   37.2   2.270e-13
1   3.2   37.2   2.270e-13
1   2.7   34.9   2.270e-13
1   3.2   30.6   2.270e-13
1   4.0   29.3   2.270e-13
1   3.1   30.7   2.270e-13
1   2.9   31.3   2.270e-13
1   2.6   33.8   2.270e-13
1   2.6   33.5   2.270e-13
1   2.6   32.9   2.270e-13
1   2.9   31.5   2.270e-13
1   2.7   32.4   2.270e-13
1   2.6   32.9   2.270e-13
1   2.7   34.6   2.270e-13
1   2.7   34.9   2.270e-13
1   2.7   34.8   2.270e-13
1   2.6   33.9   2.270e-13
1   3.4   30.2   2.360e-13
1   5.7   27.5   2.360e-13
1   3.5   30.0   2.360e-13
1   2.9   31.5   2.360e-13
1   2.7   32.7   2.360e-13
1   2.8   31.9   2.360e-13
1   2.6   34.1   2.360e-13
1   3.5   37.9   2.360e-13
1   2.8   35.7   2.360e-13
1   2.7   32.2   2.360e-13
1   2.6   34.1   2.360e-13
1   4.9   28.3   2.360e-13
1   11.3   24.3   2.360e-13
1   4.4   28.8   2.360e-13
1   3.0   36.2   2.360e-13
1   3.1   36.6   2.360e-13
1   3.4   37.6   2.360e-13
1   2.6   32.9   2.360e-13
1   4.2   29.1   2.360e-13
1   7.1   26.5   2.360e-13
1   2.6   34.1   2.360e-13
1   11.2   24.3   2.360e-13
1   24.1   20.0   2.360e-13
1   45.3   16.0   2.360e-13
1   29.5   18.7   2.360e-13
1   93.8   10.5   2.360e-13
1   56.8   14.4   2.360e-13
1   64.5   13.5   2.360e-13
1   52.3   15.0   2.360e-13
1   32.2   18.2   2.360e-13
1   2.6   34.1   2.360e-13
1   2.8   35.7   2.360e-13
1   2.6   33.8   2.360e-13
1   2.6   33.9   2.360e-13
1   2.8   31.6   2.360e-13
1   2.7   32.7   2.360e-13
1   2.8   31.9   2.360e-13
1   3.0   31.1   2.360e-13
1   4.7   28.5   2.360e-13
1   5.1   28.1   2.360e-13
1   2.6   33.8   2.360e-13
1   2.6   34.1   2.360e-13
1   2.6   34.2   2.360e-13
1   2.7   34.3   2.360e-13
1   2.7   34.4   2.360e-13
1   2.6   34.0   2.360e-13
1   2.6   33.4   2.360e-13
1   2.7   32.1   2.360e-13
1   3.0   31.1   2.360e-13
1   3.3   30.5   2.360e-13
1   5.3   27.9   2.454e-13
1   18.7   21.5   2.454e-13
1   27.1   19.2   2.454e-13
1   70.7   12.8   2.454e-13
1   89.6   10.9   2.454e-13
1   17.7   21.9   2.454e-13
1   35.7   17.5   2.454e-13
1   12.4   23.8   2.454e-13
1   16.6   22.2   2.454e-13
1   12.0   24.0   2.454e-13
1   5.3   27.9   2.454e-13
1   6.2   27.1   2.454e-13
1   7.5   26.2   2.454e-13
1   3.1   30.8   2.454e-13
1   2.6   33.6   2.454e-13
1   4.8   41.3   2.454e-13
1   3.4   37.7   2.454e-13
1   3.4   37.5   2.454e-13
1   2.7   34.6   2.454e-13
1   3.6   38.1   2.454e-13
1   2.6   33.6   2.454e-13
1   2.7   34.6   2.454e-13
1   2.8   35.5   2.454e-13
1   2.9   35.9   2.454e-13
1   3.7   38.4   2.454e-13
1   4.7   41.0   2.454e-13
1   5.3   42.9   2.454e-13
1   5.9   44.5   2.454e-13
1   6.7   47.3   2.454e-13
1   7.4   49.8   2.454e-13
1   2.6   33.6   2.454e-13
1   3.4   30.3   2.454e-13
1   3.5   30.0   2.454e-13
1   2.7   32.9   2.454e-13
1   2.7   33.0   2.454e-13
1   2.8   31.9   2.454e-13
1   3.2   30.6   2.454e-13
1   3.2   30.8   2.454e-13
1   5.6   27.7   2.454e-13
1   9.7   25.0   2.454e-13
1   2.6   33.6   2.454e-13
1   2.7   34.4   2.454e-13
1   2.8   35.0   2.454e-13
1   2.7   34.6   2.454e-13
1   2.8   35.0   2.454e-13
1   2.9   35.8   2.454e-13
1   2.9   35.8   2.454e-13
1   2.8   35.1   2.454e-13
1   3.2   37.0   2.454e-13
1   3.3   37.4   2.454e-13
1   9.4   25.2   2.551e-13
1   26.3   19.4   2.551e-13
1   39.8   16.8   2.551e-13
1   41.4   16.6   2.551e-13
1   85.9   11.2   2.551e-13
1   40.1   16.8   2.551e-13
1   56.6   14.4   2.551e-13
1   46.4   15.8   2.551e-13
1   39.6   16.8   2.551e-13
1   19.8   21.1   2.551e-13
1   9.4   25.2   2.551e-13
1   57.7   14.3   2.551e-13
1   90.6   10.8   2.551e-13
1   94.8   10.4   2.551e-13
1   62.1   13.8   2.551e-13
1   77.5   12.1   2.551e-13
1   76.1   12.2   2.551e-13
1   20.1   21.1   2.551e-13
1   21.1   20.7   2.551e-13
1   7.1   26.5   2.551e-13
1   7.1   26.5   2.551e-13
1   17.8   21.8   2.551e-13
1   10.7   24.6   2.551e-13
1   16.8   22.1   2.551e-13
1   9.1   25.3   2.551e-13
1   12.3   23.9   2.551e-13
1   6.9   26.6   2.551e-13
1   2.7   32.5   2.551e-13
1   3.0   36.3   2.551e-13
1   2.8   34.8   2.551e-13
1   2.7   32.5   2.551e-13
1   3.0   31.2   2.551e-13
1   2.7   34.2   2.551e-13
1   2.7   33.0   2.551e-13
1   3.8   29.6   2.551e-13
1   3.2   30.7   2.551e-13
1   3.1   31.1   2.551e-13
1   2.9   31.4   2.551e-13
1   3.3   30.6   2.551e-13
1   4.7   28.5   2.551e-13
1   2.7   33.0   2.551e-13
1   2.7   33.2   2.551e-13
1   2.7   33.7   2.551e-13
1   2.7   32.4   2.551e-13
1   2.7   34.0   2.551e-13
1   2.8   35.2   2.551e-13
1   2.9   35.6   2.551e-13
1   3.2   36.9   2.551e-13
1   3.3   37.0   2.551e-13
1   3.6   37.9   2.551e-13
1   2.8   32.1   2.653e-13
1   3.3   30.4   2.653e-13
1   3.4   30.4   2.653e-13
1   2.8   32.1   2.653e-13
1   2.8   32.4   2.653e-13
1   3.0   31.3   2.653e-13
1   3.7   29.7   2.653e-13
1   4.8   28.4   2.653e-13
1   3.5   30.2   2.653e-13
1   4.6   28.6   2.653e-13
1   2.8   32.4   2.653e-13
1   3.0   31.3   2.653e-13
1   22.9   20.2   2.653e-13
1   20.4   20.9   2.653e-13
1   23.4   20.1   2.653e-13
1   25.3   19.6   2.653e-13
1   60.6   13.9   2.653e-13
1   34.0   17.8   2.653e-13
1   47.3   15.7   2.653e-13
1   35.7   17.5   2.653e-13
1   2.8   32.4   2.653e-13
1   3.7   29.8   2.653e-13
1   5.0   28.2   2.653e-13
1   9.1   25.3   2.653e-13
1   4.7   28.5   2.653e-13
1   3.5   30.2   2.653e-13
1   2.7   32.8   2.653e-13
1   2.7   33.8   2.653e-13
1   3.0   31.3   2.653e-13
1   2.7   32.9   2.653e-13
1   2.7   33.8   2.653e-13
1   2.9   35.6   2.653e-13
1   3.7   38.2   2.653e-13
1   3.6   37.9   2.653e-13
1   4.1   39.2   2.653e-13
1   4.6   40.6   2.653e-13
1   5.9   44.5   2.653e-13
1   6.0   44.7   2.653e-13
1   7.0   48.1   2.653e-13
1   6.3   45.8   2.653e-13
1   2.7   33.8   2.653e-13
1   2.8   34.5   2.653e-13
1   3.0   35.9   2.653e-13
1   3.0   35.8   2.653e-13
1   2.9   35.5   2.653e-13
1   2.7   33.9   2.653e-13
1   2.7   32.9   2.653e-13
1   2.9   31.8   2.653e-13
1   3.1   31.1   2.653e-13
1   4.2   29.1   2.653e-13
1   6.7   26.7   2.759e-13
1   2.7   33.2   2.759e-13
1   2.9   35.2   2.759e-13
1   3.3   36.8   2.759e-13
1   2.9   35.5   2.759e-13
1   2.9   35.3   2.759e-13
1   3.0   31.4   2.759e-13
1   3.4   30.3   2.759e-13
1   3.6   29.9   2.759e-13
1   3.1   31.0   2.759e-13
1   2.7   33.2   2.759e-13
1   4.8   41.0   2.759e-13
1   5.5   42.9   2.759e-13
1   7.0   48.0   2.759e-13
1   9.6   56.0   2.759e-13
1   8.3   52.7   2.759e-13
1   7.3   49.5   2.759e-13
1   6.5   46.3   2.759e-13
1   7.3   49.4   2.759e-13
1   7.5   50.3   2.759e-13
1   2.7   33.2   2.759e-13
1   3.0   31.5   2.759e-13
1   7.3   26.4   2.759e-13
1   8.9   25.4   2.759e-13
1   13.9   23.2   2.759e-13
1   11.6   24.1   2.759e-13
1   4.8   28.4   2.759e-13
1   4.6   28.6   2.759e-13
1   6.6   26.8   2.759e-13
1   6.6   26.8   2.759e-13
1   2.7   33.2   2.759e-13
1   3.4   30.3   2.759e-13
1   2.8   32.4   2.759e-13
1   2.9   32.0   2.759e-13
1   2.7   33.4   2.759e-13
1   2.8   32.5   2.759e-13
1   2.8   34.4   2.759e-13
1   2.8   34.7   2.759e-13
1   2.8   34.7   2.759e-13
1   2.8   32.5   2.759e-13
1   2.7   33.4   2.759e-13
1   2.8   34.4   2.759e-13
1   2.9   35.3   2.759e-13
1   3.0   35.7   2.759e-13
1   2.9   35.3   2.759e-13
1   3.0   35.7   2.759e-13
1   3.1   36.3   2.759e-13
1   2.9   34.9   2.759e-13
1   2.9   35.2   2.759e-13
1   3.0   35.7   2.759e-13
1   8.4   25.7   2.868e-13
1   30.6   18.4   2.868e-13
1   6.7   26.7   2.868e-13
1   16.5   22.2   2.868e-13
1   17.4   21.9   2.868e-13
1   7.6   26.2   2.868e-13
1   5.3   27.9   2.868e-13
1   7.2   26.4   2.868e-13
1   3.7   29.8   2.868e-13
1   6.0   27.3   2.868e-13
1   3.7   29.8   2.868e-13
1   3.3   30.7   2.868e-13
1   4.2   29.1   2.868e-13
1   2.8   33.7   2.868e-13
1   3.5   37.3   2.868e-13
1   5.3   42.4   2.868e-13
1   3.9   38.5   2.868e-13
1   2.9   34.4   2.868e-13
1   3.7   38.0   2.868e-13
1   2.9   34.9   2.868e-13
1   2.8   33.7   2.868e-13
1   5.2   28.0   2.868e-13
1   4.0   29.4   2.868e-13
1   17.8   21.7   2.868e-13
1   60.5   13.9   2.868e-13
1   80.3   11.7   2.868e-13
1   52.7   14.9   2.868e-13
1   32.0   18.2   2.868e-13
1   38.6   17.0   2.868e-13
1   24.7   19.7   2.868e-13
1   2.8   33.7   2.868e-13
1   3.2   31.0   2.868e-13
1   3.3   30.8   2.868e-13
1   4.3   29.0   2.868e-13
1   3.9   29.5   2.868e-13
1   4.3   28.9   2.868e-13
1   4.5   28.7   2.868e-13
1   4.7   28.5   2.868e-13
1   3.4   30.3   2.868e-13
1   6.7   26.8   2.868e-13
1   2.8   33.7   2.868e-13
1   2.8   33.1   2.868e-13
1   2.8   33.7   2.868e-13
1   2.8   34.3   2.868e-13
1   3.0   35.3   2.868e-13
1   3.0   35.3   2.868e-13
1   2.9   34.4   2.868e-13
1   2.8   33.1   2.868e-13
1   2.8   32.9   2.868e-13
1   2.8   33.2   2.868e-13
1   4.4   28.8   2.982e-13
1   7.8   26.0   2.982e-13
1   8.2   25.8   2.982e-13
1   22.1   20.4   2.982e-13
1   28.6   18.8   2.982e-13
1   40.0   16.7   2.982e-13
1   12.2   23.9   2.982e-13
1   17.2   21.9   2.982e-13
1   25.1   19.6   2.982e-13
1   30.3   18.5   2.982e-13
1   4.4   28.8   2.982e-13
1   6.7   26.7   2.982e-13
1   3.3   30.7   2.982e-13
1   5.9   27.4   2.982e-13
1   3.9   29.6   2.982e-13
1   5.8   27.5   2.982e-13
1   14.8   22.8   2.982e-13
1   4.7   28.6   2.982e-13
1   3.8   29.8   2.982e-13
1   2.9   32.7   2.982e-13
1   2.9   32.7   2.982e-13
1   2.9   32.5   2.982e-13
1   2.8   33.1   2.982e-13
1   2.8   33.8   2.982e-13
1   2.8   33.1   2.982e-13
1   2.8   33.9   2.982e-13
1   3.0   31.8   2.982e-13
1   3.7   29.8   2.982e-13
1   2.9   34.0   2.982e-13
1   3.0   35.3   2.982e-13
1   2.8   33.1   2.982e-13
1   2.9   32.1   2.982e-13
1   2.8   33.6   2.982e-13
1   3.0   31.8   2.982e-13
1   2.8   33.5   2.982e-13
1   2.8   33.5   2.982e-13
1   2.8   33.8   2.982e-13
1   3.2   35.9   2.982e-13
1   3.3   36.5   2.982e-13
1   3.9   38.4   2.982e-13
1   2.8   33.5   2.982e-13
1   2.9   34.2   2.982e-13
1   2.9   34.3   2.982e-13
1   2.8   33.8   2.982e-13
1   2.9   34.0   2.982e-13
1   2.9   34.2   2.982e-13
1   3.2   36.3   2.982e-13
1   3.4   36.8   2.982e-13
1   3.7   37.8   2.982e-13
1   3.3   36.3   2.982e-13
1   6.4   27.0   3.101e-13
1   16.1   22.3   3.101e-13
1   6.8   26.7   3.101e-13
1   4.6   28.7   3.101e-13
1   7.2   26.4   3.101e-13
1   7.8   26.0   3.101e-13
1   12.2   23.9   3.101e-13
1   11.0   24.4   3.101e-13
1   16.8   22.1   3.101e-13
1   28.9   18.7   3.101e-13
1   4.6   28.7   3.101e-13
1   8.4   25.6   3.101e-13
1   7.8   26.0   3.101e-13
1   4.5   28.8   3.101e-13
1   2.9   33.1   3.101e-13
1   2.9   34.0   3.101e-13
1   3.1   35.5   3.101e-13
1   4.9   41.0   3.101e-13
1   5.6   43.0   3.101e-13
1   5.0   41.1   3.101e-13
1   2.9   33.1   3.101e-13
1   3.0   31.9   3.101e-13
1   2.9   33.2   3.101e-13
1   3.0   34.7   3.101e-13
1   3.3   30.7   3.101e-13
1   5.8   27.5   3.101e-13
1   2.9   33.9   3.101e-13
1   3.3   36.2   3.101e-13
1   3.7   37.5   3.101e-13
1   5.3   42.1   3.101e-13
1   2.9   33.2   3.101e-13
1   3.1   31.3   3.101e-13
1   3.0   34.4   3.101e-13
1   3.2   36.0   3.101e-13
1   2.9   34.1   3.101e-13
1   3.2   31.0   3.101e-13
1   3.3   30.8   3.101e-13
1   5.1   28.1   3.101e-13
1   3.8   29.8   3.101e-13
1   3.0   32.0   3.101e-13
1   2.9   33.2   3.101e-13
1   3.2   31.0   3.101e-13
1   2.9   32.3   3.101e-13
1   2.9   32.6   3.101e-13
1   2.9   33.7   3.101e-13
1   2.9   33.5   3.101e-13
1   2.9   32.9   3.101e-13
1   2.9   34.2   3.101e-13
1   3.0   35.0   3.101e-13
1   3.0   35.1   3.101e-13
1   3.1   34.6   3.225e-13
1   7.3   49.0   3.225e-13
1   5.0   41.0   3.225e-13
1   6.0   43.8   3.225e-13
1   6.2   44.6   3.225e-13
1   5.8   43.2   3.225e-13
1   3.5   36.5   3.225e-13
1   3.0   34.3   3.225e-13
1   3.0   34.3   3.225e-13
1   3.4   36.2   3.225e-13
1   3.0   34.3   3.225e-13
1   4.1   38.4   3.225e-13
1   3.0   33.1   3.225e-13
1   3.2   35.7   3.225e-13
1   3.4   30.6   3.225e-13
1   3.2   31.1   3.225e-13
1   3.1   34.6   3.225e-13
1   3.0   34.1   3.225e-13
1   3.0   32.7   3.225e-13
1   6.0   27.4   3.225e-13
1   3.0   33.1   3.225e-13
1   5.0   41.0   3.225e-13
1   5.4   42.2   3.225e-13
1   3.9   38.1   3.225e-13
1   3.0   33.8   3.225e-13
1   3.2   35.5   3.225e-13
1   3.1   34.8   3.225e-13
1   4.1   38.6   3.225e-13
1   6.0   44.1   3.225e-13
1   4.6   39.9   3.225e-13
1   3.0   33.1   3.225e-13
1   3.5   30.5   3.225e-13
1   3.6   30.2   3.225e-13
1   8.6   25.5   3.225e-13
1   8.1   25.9   3.225e-13
1   13.1   23.5   3.225e-13
1   12.0   23.9   3.225e-13
1   6.8   26.7   3.225e-13
1   4.2   29.2   3.225e-13
1   4.1   29.4   3.225e-13
1   3.0   33.1   3.225e-13
1   3.0   33.7   3.225e-13
1   3.1   35.1   3.225e-13
1   3.6   37.0   3.225e-13
1   3.4   36.3   3.225e-13
1   3.2   35.7   3.225e-13
1   3.1   35.1   3.225e-13
1   3.1   34.7   3.225e-13
1   3.2   35.6   3.225e-13
1   3.1   35.1   3.225e-13
1   3.3   31.3   3.353e-13
1   4.0   37.9   3.353e-13
1   3.2   34.9   3.353e-13
1   5.2   41.4   3.353e-13
1   4.2   38.6   3.353e-13
1   5.7   42.7   3.353e-13
1   4.5   39.3   3.353e-13
1   3.2   31.6   3.353e-13
1   4.4   29.0   3.353e-13
1   14.8   22.8   3.353e-13
1   3.2   34.9   3.353e-13
1   3.0   33.6   3.353e-13
1   3.3   35.6   3.353e-13
1   3.0   32.9   3.353e-13
1   3.1   34.7   3.353e-13
1   4.9   40.4   3.353e-13
1   6.3   44.9   3.353e-13
1   7.0   47.4   3.353e-13
1   6.6   45.8   3.353e-13
1   6.7   46.4   3.353e-13
1   3.0   33.6   3.353e-13
1   3.8   37.3   3.353e-13
1   3.0   33.2   3.353e-13
1   3.7   37.1   3.353e-13
1   4.0   38.1   3.353e-13
1   4.6   39.6   3.353e-13
1   5.3   41.6   3.353e-13
1   6.0   43.7   3.353e-13
1   6.4   45.0   3.353e-13
1   5.3   41.6   3.353e-13
1   3.0   33.2   3.353e-13
1   3.4   30.8   3.353e-13
1   3.4   30.8   3.353e-13
1   3.1   32.5   3.353e-13
1   3.0   33.4   3.353e-13
1   3.0   33.6   3.353e-13
1   3.7   37.0   3.353e-13
1   4.0   38.1   3.353e-13
1   3.1   34.3   3.353e-13
1   3.0   33.5   3.353e-13
1   3.0   33.4   3.353e-13
1   3.0   33.4   3.353e-13
1   3.1   32.0   3.353e-13
1   3.5   30.6   3.353e-13
1   3.4   30.8   3.353e-13
1   3.2   31.4   3.353e-13
1   3.7   30.2   3.353e-13
1   3.2   31.4   3.353e-13
1   3.3   31.2   3.353e-13
1   3.5   30.6   3.353e-13
1   9.5   25.1   3.486e-13
1   6.2   27.2   3.486e-13
1   15.0   22.7   3.486e-13
1   6.8   26.7   3.486e-13
1   9.8   24.9   3.486e-13
1   6.0   27.4   3.486e-13
1   9.9   24.9   3.486e-13
1   13.3   23.4   3.486e-13
1   8.4   25.7   3.486e-13
1   14.4   22.9   3.486e-13
1   6.0   27.4   3.486e-13
1   6.2   27.2   3.486e-13
1   8.1   25.8   3.486e-13
1   8.1   25.8   3.486e-13
1   23.7   19.9   3.486e-13
1   89.7   10.7   3.486e-13
1   46.7   15.6   3.486e-13
1   15.8   22.4   3.486e-13
1   19.9   21.0   3.486e-13
1   31.0   18.3   3.486e-13
1   6.0   27.4   3.486e-13
1   7.5   26.3   3.486e-13
1   18.8   21.3   3.486e-13
1   14.4   22.9   3.486e-13
1   31.2   18.2   3.486e-13
1   29.5   18.6   3.486e-13
1   24.1   19.8   3.486e-13
1   20.7   20.7   3.486e-13
1   22.1   20.3   3.486e-13
1   15.2   22.6   3.486e-13
1   6.0   27.4   3.486e-13
1   6.1   27.4   3.486e-13
1   7.2   26.5   3.486e-13
1   3.5   30.7   3.486e-13
1   4.0   29.7   3.486e-13
1   4.6   28.8   3.486e-13
1   7.6   26.2   3.486e-13
1   15.9   22.4   3.486e-13
1   10.4   24.6   3.486e-13
1   14.2   23.0   3.486e-13
1   3.5   30.7   3.486e-13
1   3.5   30.7   3.486e-13
1   3.3   31.4   3.486e-13
1   3.8   30.1   3.486e-13
1   3.2   32.0   3.486e-13
1   3.1   32.3   3.486e-13
1   3.2   31.6   3.486e-13
1   3.1   32.7   3.486e-13
1   3.1   34.0   3.486e-13
1   3.2   34.5   3.486e-13
1   3.7   30.5   3.625e-13
1   4.1   37.7   3.625e-13
1   5.3   41.1   3.625e-13
1   3.8   30.2   3.625e-13
1   3.2   32.4   3.625e-13
1   3.8   36.8   3.625e-13
1   5.7   42.5   3.625e-13
1   5.7   42.2   3.625e-13
1   7.5   49.3   3.625e-13
1   9.0   54.4   3.625e-13
1   3.2   32.4   3.625e-13
1   3.3   31.5   3.625e-13
1   3.2   32.5   3.625e-13
1   3.3   31.9   3.625e-13
1   23.4   20.0   3.625e-13
1   12.4   23.8   3.625e-13
1   10.8   24.5   3.625e-13
1   13.4   23.3   3.625e-13
1   5.9   27.6   3.625e-13
1   3.8   36.8   3.625e-13
1   3.2   32.5   3.625e-13
1   3.3   34.9   3.625e-13
1   4.7   39.4   3.625e-13
1   4.0   37.5   3.625e-13
1   5.3   41.1   3.625e-13
1   4.2   38.1   3.625e-13
1   4.5   38.8   3.625e-13
1   5.6   42.0   3.625e-13
1   6.9   46.9   3.625e-13
1   5.9   43.1   3.625e-13
1   3.2   32.5   3.625e-13
1   3.4   31.5   3.625e-13
1   3.6   30.6   3.625e-13
1   3.8   30.1   3.625e-13
1   3.3   32.0   3.625e-13
1   3.3   31.9   3.625e-13
1   3.4   31.3   3.625e-13
1   3.2   33.1   3.625e-13
1   4.4   38.7   3.625e-13
1   3.3   34.8   3.625e-13
1   3.2   33.1   3.625e-13
1   3.3   34.6   3.625e-13
1   3.2   33.8   3.625e-13
1   3.2   33.8   3.625e-13
1   3.2   33.1   3.625e-13
1   3.2   33.1   3.625e-13
1   3.3   34.5   3.625e-13
1   3.2   33.2   3.625e-13
1   3.3   31.6   3.625e-13
1   3.2   32.5   3.625e-13
1   8.1   25.9   3.769e-13
1   3.3   33.1   3.769e-13
1   3.4   31.8   3.769e-13
1   3.4   31.8   3.769e-13
1   3.3   32.2   3.769e-13
1   3.4   32.0   3.769e-13
1   4.1   37.4   3.769e-13
1   5.2   40.5   3.769e-13
1   6.0   43.1   3.769e-13
1   4.5   38.5   3.769e-13
1   3.3   33.1   3.769e-13
1   3.3   33.8   3.769e-13
1   3.3   32.6   3.769e-13
1   6.4   27.1   3.769e-13
1   6.3   27.3   3.769e-13
1   3.6   30.9   3.769e-13
1   4.5   38.7   3.769e-13
1   5.1   40.3   3.769e-13
1   5.9   42.7   3.769e-13
1   5.5   41.4   3.769e-13
1   3.3   33.1   3.769e-13
1   3.3   32.9   3.769e-13
1   3.3   33.3   3.769e-13
1   3.3   33.4   3.769e-13
1   3.4   34.7   3.769e-13
1   3.6   35.5   3.769e-13
1   3.3   33.6   3.769e-13
1   3.3   32.2   3.769e-13
1   3.3   32.8   3.769e-13
1   4.2   29.6   3.769e-13
1   3.3   33.3   3.769e-13
1   3.3   32.7   3.769e-13
1   4.2   37.9   3.769e-13
1   5.1   40.2   3.769e-13
1   4.6   38.8   3.769e-13
1   5.8   42.3   3.769e-13
1   5.0   40.0   3.769e-13
1   4.9   39.8   3.769e-13
1   6.0   43.1   3.769e-13
1   5.8   42.2   3.769e-13
1   3.3   33.3   3.769e-13
1   3.4   31.9   3.769e-13
1   3.4   31.6   3.769e-13
1   3.4   32.0   3.769e-13
1   3.3   33.8   3.769e-13
1   3.3   33.0   3.769e-13
1   3.3   32.9   3.769e-13
1   3.3   33.3   3.769e-13
1   3.3   34.2   3.769e-13
1   3.3   34.1   3.769e-13
1   3.4   33.4   3.919e-13
1   3.7   35.8   3.919e-13
1   5.1   39.9   3.919e-13
1   7.9   50.8   3.919e-13
1   7.9   50.7   3.919e-13
1   9.1   54.6   3.919e-13
1   8.5   52.9   3.919e-13
1   12.6   60.9   3.919e-13
1   16.1   64.9   3.919e-13
1   19.4   68.0   3.919e-13
1   3.4   33.4   3.919e-13
1   3.5   31.7   3.919e-13
1   4.3   37.7   3.919e-13
1   6.1   43.1   3.919e-13
1   6.3   43.6   3.919e-13
1   5.8   42.1   3.919e-13
1   6.2   43.5   3.919e-13
1   6.4   44.1   3.919e-13
1   5.8   42.0   3.919e-13
1   3.7   35.7   3.919e-13
1   3.4   33.4   3.919e-13
1   5.0   28.6   3.919e-13
1   13.5   23.3   3.919e-13
1   24.3   19.7   3.919e-13
1   29.1   18.6   3.919e-13
1   17.3   21.9   3.919e-13
1   12.2   23.9   3.919e-13
1   12.8   23.6   3.919e-13
1   15.9   22.4   3.919e-13
1   13.2   23.4   3.919e-13
1   3.4   33.4   3.919e-13
1   3.5   34.3   3.919e-13
1   4.3   37.9   3.919e-13
1   4.8   39.0   3.919e-13
1   5.3   40.6   3.919e-13
1   5.2   40.3   3.919e-13
1   5.5   41.2   3.919e-13
1   6.3   43.8   3.919e-13
1   5.8   42.1   3.919e-13
1   5.2   40.2   3.919e-13
1   3.4   33.4   3.919e-13
1   3.4   33.1   3.919e-13
1   3.4   32.8   3.919e-13
1   3.5   31.8   3.919e-13
1   3.5   31.8   3.919e-13
1   3.4   33.2   3.919e-13
1   3.4   33.8   3.919e-13
1   3.9   36.3   3.919e-13
1   3.9   36.6   3.919e-13
1   3.7   35.7   3.919e-13
1   3.6   34.5   4.075e-13
1   4.0   36.4   4.075e-13
1   6.0   42.3   4.075e-13
1   6.3   43.3   4.075e-13
1   3.8   35.7   4.075e-13
1   5.5   28.1   4.075e-13
1   10.6   24.6   4.075e-13
1   9.4   25.2   4.075e-13
1   3.7   31.5   4.075e-13
1   3.8   31.1   4.075e-13
1   3.6   34.5   4.075e-13
1   3.8   35.6   4.075e-13
1   3.8   35.7   4.075e-13
1   4.4   37.7   4.075e-13
1   4.2   37.0   4.075e-13
1   6.2   43.2   4.075e-13
1   5.7   41.4   4.075e-13
1   5.1   39.7   4.075e-13
1   5.3   40.3   4.075e-13
1   5.5   40.8   4.075e-13
1   3.6   34.5   4.075e-13
1   3.5   32.9   4.075e-13
1   4.6   38.2   4.075e-13
1   4.0   36.2   4.075e-13
1   3.8   35.7   4.075e-13
1   4.7   29.2   4.075e-13
1   9.9   24.9   4.075e-13
1   13.8   23.2   4.075e-13
1   30.3   18.4   4.075e-13
1   23.3   20.0   4.075e-13
1   3.5   32.9   4.075e-13
1   3.5   32.9   4.075e-13
1   3.5   33.2   4.075e-13
1   4.1   30.2   4.075e-13
1   3.9   30.7   4.075e-13
1   4.4   29.7   4.075e-13
1   3.6   32.2   4.075e-13
1   3.7   31.4   4.075e-13
1   3.8   30.9   4.075e-13
1   6.0   27.7   4.075e-13
1   3.5   33.2   4.075e-13
1   3.8   35.3   4.075e-13
1   3.7   34.8   4.075e-13
1   3.6   33.8   4.075e-13
1   3.7   35.2   4.075e-13
1   4.1   36.5   4.075e-13
1   4.0   36.3   4.075e-13
1   3.8   35.5   4.075e-13
1   3.9   36.0   4.075e-13
1   3.6   34.1   4.075e-13
1   6.8   27.0   4.238e-13
1   4.1   30.6   4.238e-13
1   9.8   25.0   4.238e-13
1   4.0   30.9   4.238e-13
1   13.3   23.5   4.238e-13
1   8.8   25.6   4.238e-13
1   4.4   29.8   4.238e-13
1   9.4   25.2   4.238e-13
1   18.7   21.4   4.238e-13
1   35.2   17.4   4.238e-13
1   4.0   30.9   4.238e-13
1   3.7   33.1   4.238e-13
1   3.7   33.9   4.238e-13
1   3.9   35.2   4.238e-13
1   3.7   32.4   4.238e-13
1   3.8   34.4   4.238e-13
1   6.3   42.9   4.238e-13
1   5.5   40.4   4.238e-13
1   7.0   45.7   4.238e-13
1   7.5   48.4   4.238e-13
1   3.7   33.1   4.238e-13
1   3.8   31.5   4.238e-13
1   3.7   33.9   4.238e-13
1   4.1   36.0   4.238e-13
1   5.9   27.9   4.238e-13
1   4.2   30.4   4.238e-13
1   3.9   35.4   4.238e-13
1   3.7   32.5   4.238e-13
1   3.9   35.0   4.238e-13
1   3.9   31.2   4.238e-13
1   3.7   33.1   4.238e-13
1   3.8   34.3   4.238e-13
1   3.9   35.1   4.238e-13
1   3.7   32.1   4.238e-13
1   3.8   34.4   4.238e-13
1   3.7   33.3   4.238e-13
1   4.1   36.3   4.238e-13
1   4.5   37.4   4.238e-13
1   4.3   36.8   4.238e-13
1   3.9   35.1   4.238e-13
1   3.7   33.1   4.238e-13
1   3.7   32.2   4.238e-13
1   3.9   31.1   4.238e-13
1   4.4   29.8   4.238e-13
1   5.4   28.3   4.238e-13
1   4.8   29.2   4.238e-13
1   4.1   30.6   4.238e-13
1   4.9   29.0   4.238e-13
1   4.2   30.3   4.238e-13
1   3.8   31.4   4.238e-13
1   7.2   26.7   4.406e-13
1   9.1   25.5   4.406e-13
1   5.0   29.1   4.406e-13
1   5.5   28.5   4.406e-13
1   8.4   25.9   4.406e-13
1   8.8   25.6   4.406e-13
1   3.9   34.4   4.406e-13
1   3.8   33.4   4.406e-13
1   4.0   31.5   4.406e-13
1   3.9   32.0   4.406e-13
1   3.8   33.4   4.406e-13
1   4.8   38.0   4.406e-13
1   6.4   43.0   4.406e-13
1   6.3   42.5   4.406e-13
1   6.6   43.7   4.406e-13
1   4.1   35.2   4.406e-13
1   8.7   25.7   4.406e-13
1   5.2   28.8   4.406e-13
1   22.9   20.1   4.406e-13
1   36.4   17.2   4.406e-13
1   3.8   33.4   4.406e-13
1   3.9   34.2   4.406e-13
1   3.9   33.9   4.406e-13
1   3.9   34.0   4.406e-13
1   4.0   34.5   4.406e-13
1   3.8   33.4   4.406e-13
1   3.9   32.3   4.406e-13
1   4.1   35.2   4.406e-13
1   4.0   34.6   4.406e-13
1   4.7   37.5   4.406e-13
1   3.8   33.4   4.406e-13
1   4.0   34.5   4.406e-13
1   3.8   33.4   4.406e-13
1   3.9   32.4   4.406e-13
1   4.2   35.8   4.406e-13
1   4.5   36.9   4.406e-13
1   4.4   36.7   4.406e-13
1   4.7   37.7   4.406e-13
1   4.8   37.9   4.406e-13
1   5.9   41.4   4.406e-13
1   3.8   33.4   4.406e-13
1   3.9   32.3   4.406e-13
1   3.8   33.0   4.406e-13
1   4.0   34.9   4.406e-13
1   3.9   34.1   4.406e-13
1   3.9   33.7   4.406e-13
1   3.9   34.0   4.406e-13
1   3.9   32.4   4.406e-13
1   3.9   32.1   4.406e-13
1   3.9   34.0   4.406e-13
1   8.6   25.8   4.582e-13
1   4.0   32.3   4.582e-13
1   4.8   29.6   4.582e-13
1   4.1   32.0   4.582e-13
1   4.0   33.6   4.582e-13
1   4.2   31.0   4.582e-13
1   4.0   33.8   4.582e-13
1   4.9   29.5   4.582e-13
1   17.4   21.9   4.582e-13
1   12.5   23.9   4.582e-13
1   4.0   33.6   4.582e-13
1   7.6   26.5   4.582e-13
1   7.0   27.1   4.582e-13
1   5.9   28.2   4.582e-13
1   4.4   30.6   4.582e-13
1   5.8   28.3   4.582e-13
1   13.0   23.7   4.582e-13
1   22.6   20.2   4.582e-13
1   90.9   10.5   4.582e-13
1   55.5   14.4   4.582e-13
1   4.0   33.6   4.582e-13
1   5.4   28.7   4.582e-13
1   5.5   28.6   4.582e-13
1   4.2   31.1   4.582e-13
1   4.4   30.7   4.582e-13
1   4.1   31.7   4.582e-13
1   9.6   25.2   4.582e-13
1   13.6   23.4   4.582e-13
1   21.9   20.4   4.582e-13
1   20.7   20.8   4.582e-13
1   4.0   33.6   4.582e-13
1   4.0   33.2   4.582e-13
1   4.2   34.8   4.582e-13
1   4.3   35.7   4.582e-13
1   4.1   34.3   4.582e-13
1   4.3   31.0   4.582e-13
1   4.5   30.3   4.582e-13
1   4.1   31.5   4.582e-13
1   7.3   26.8   4.582e-13
1   4.5   30.4   4.582e-13
1   4.0   33.2   4.582e-13
1   4.0   32.4   4.582e-13
1   4.0   33.5   4.582e-13
1   4.0   32.7   4.582e-13
1   4.0   32.3   4.582e-13
1   4.1   31.8   4.582e-13
1   4.2   31.1   4.582e-13
1   4.9   29.5   4.582e-13
1   5.2   29.0   4.582e-13
1   5.4   28.7   4.582e-13
1   5.5   28.9   4.764e-13
1   4.6   30.5   4.764e-13
1   5.1   29.4   4.764e-13
1   5.2   29.3   4.764e-13
1   7.2   27.0   4.764e-13
1   5.7   39.4   4.764e-13
1   4.2   33.2   4.764e-13
1   4.5   30.9   4.764e-13
1   5.1   37.8   4.764e-13
1   5.2   38.0   4.764e-13
1   4.2   33.2   4.764e-13
1   6.8   43.6   4.764e-13
1   6.7   42.9   4.764e-13
1   5.5   39.0   4.764e-13
1   4.2   33.7   4.764e-13
1   5.0   37.3   4.764e-13
1   4.7   36.5   4.764e-13
1   4.4   31.3   4.764e-13
1   4.8   30.1   4.764e-13
1   8.7   25.9   4.764e-13
1   4.2   33.2   4.764e-13
1   4.8   36.7   4.764e-13
1   5.1   37.8   4.764e-13
1   5.2   38.2   4.764e-13
1   4.6   36.0   4.764e-13
1   4.4   34.9   4.764e-13
1   4.6   36.0   4.764e-13
1   5.6   39.2   4.764e-13
1   6.0   40.5   4.764e-13
1   5.1   37.8   4.764e-13
1   4.2   33.2   4.764e-13
1   4.7   36.5   4.764e-13
1   4.7   36.4   4.764e-13
1   4.2   33.2   4.764e-13
1   4.3   34.5   4.764e-13
1   4.4   34.8   4.764e-13
1   4.6   35.8   4.764e-13
1   5.4   38.6   4.764e-13
1   4.7   36.4   4.764e-13
1   4.6   35.8   4.764e-13
1   4.2   33.2   4.764e-13
1   4.3   31.9   4.764e-13
1   4.5   30.8   4.764e-13
1   5.1   29.5   4.764e-13
1   5.2   29.3   4.764e-13
1   4.9   29.8   4.764e-13
1   5.0   29.7   4.764e-13
1   5.6   28.8   4.764e-13
1   6.0   28.2   4.764e-13
1   5.7   28.6   4.764e-13
1   8.3   26.3   4.954e-13
1   8.2   26.4   4.954e-13
1   5.9   28.6   4.954e-13
1   10.1   25.2   4.954e-13
1   29.0   18.7   4.954e-13
1   22.8   20.2   4.954e-13
1   8.2   26.4   4.954e-13
1   4.5   32.5   4.954e-13
1   4.8   35.9   4.954e-13
1   4.5   32.7   4.954e-13
1   4.5   32.7   4.954e-13
1   7.2   44.8   4.954e-13
1   6.8   42.7   4.954e-13
1   6.8   42.8   4.954e-13
1   5.6   38.7   4.954e-13
1   6.6   41.8   4.954e-13
1   7.2   44.8   4.954e-13
1   7.8   48.3   4.954e-13
1   7.9   48.8   4.954e-13
1   7.7   47.7   4.954e-13
1   4.5   32.7   4.954e-13
1   4.5   34.2   4.954e-13
1   4.6   31.4   4.954e-13
1   5.4   29.4   4.954e-13
1   4.4   33.3   4.954e-13
1   5.9   28.6   4.954e-13
1   6.1   28.3   4.954e-13
1   4.7   35.5   4.954e-13
1   5.2   37.3   4.954e-13
1   6.2   40.8   4.954e-13
1   4.4   33.3   4.954e-13
1   4.5   33.7   4.954e-13
1   4.6   34.6   4.954e-13
1   4.6   34.7   4.954e-13
1   4.6   35.0   4.954e-13
1   4.8   36.1   4.954e-13
1   4.5   34.0   4.954e-13
1   4.8   36.0   4.954e-13
1   4.6   31.2   4.954e-13
1   4.5   31.9   4.954e-13
1   4.4   33.3   4.954e-13
1   4.5   33.5   4.954e-13
1   4.5   34.0   4.954e-13
1   4.5   34.2   4.954e-13
1   4.5   33.8   4.954e-13
1   4.4   33.0   4.954e-13
1   4.5   32.5   4.954e-13
1   4.4   32.9   4.954e-13
1   4.5   32.1   4.954e-13
1   4.5   32.8   4.954e-13
1   8.4   26.4   5.151e-13
1   6.0   28.7   5.151e-13
1   4.8   31.8   5.151e-13
1   5.5   37.6   5.151e-13
1   5.0   35.8   5.151e-13
1   7.8   47.4   5.151e-13
1   9.8   56.1   5.151e-13
1   14.7   63.5   5.151e-13
1   9.2   54.7   5.151e-13
1   13.7   62.4   5.151e-13
1   4.8   31.8   5.151e-13
1   4.8   34.6   5.151e-13
1   6.7   27.9   5.151e-13
1   4.8   31.6   5.151e-13
1   5.3   29.9   5.151e-13
1   5.1   30.3   5.151e-13
1   4.7   32.7   5.151e-13
1   5.0   35.9   5.151e-13
1   5.1   36.2   5.151e-13
1   5.0   35.8   5.151e-13
1   4.7   32.7   5.151e-13
1   5.7   38.2   5.151e-13
1   4.8   34.2   5.151e-13
1   5.0   30.6   5.151e-13
1   12.3   24.1   5.151e-13
1   13.4   23.7   5.151e-13
1   17.7   21.9   5.151e-13
1   28.7   18.8   5.151e-13
1   32.1   18.0   5.151e-13
1   26.2   19.3   5.151e-13
1   4.7   32.7   5.151e-13
1   4.7   33.9   5.151e-13
1   5.3   29.9   5.151e-13
1   4.9   31.1   5.151e-13
1   4.7   32.7   5.151e-13
1   4.8   34.8   5.151e-13
1   4.7   33.9   5.151e-13
1   4.9   35.3   5.151e-13
1   5.7   38.2   5.151e-13
1   6.1   39.6   5.151e-13
1   4.7   32.7   5.151e-13
1   4.7   33.1   5.151e-13
1   4.7   32.0   5.151e-13
1   4.7   32.0   5.151e-13
1   4.8   31.6   5.151e-13
1   4.8   31.7   5.151e-13
1   5.2   30.3   5.151e-13
1   5.1   30.5   5.151e-13
1   5.1   30.4   5.151e-13
1   5.0   30.7   5.151e-13
1   9.5   25.8   5.356e-13
1   6.0   29.2   5.356e-13
1   10.6   25.1   5.356e-13
1   12.0   24.4   5.356e-13
1   20.7   20.9   5.356e-13
1   43.2   16.1   5.356e-13
1   9.9   25.5   5.356e-13
1   5.7   29.6   5.356e-13
1   5.0   32.4   5.356e-13
1   6.5   40.2   5.356e-13
1   5.0   32.4   5.356e-13
1   10.8   25.0   5.356e-13
1   7.7   27.2   5.356e-13
1   14.4   23.3   5.356e-13
1   12.8   24.0   5.356e-13
1   13.4   23.7   5.356e-13
1   10.6   25.1   5.356e-13
1   5.2   30.9   5.356e-13
1   6.1   29.0   5.356e-13
1   5.0   32.5   5.356e-13
1   5.0   32.5   5.356e-13
1   7.4   27.5   5.356e-13
1   9.2   26.0   5.356e-13
1   5.3   30.6   5.356e-13
1   5.0   32.5   5.356e-13
1   5.0   33.7   5.356e-13
1   5.4   30.3   5.356e-13
1   5.2   31.1   5.356e-13
1   6.8   41.4   5.356e-13
1   6.0   38.3   5.356e-13
1   5.0   32.5   5.356e-13
1   5.4   36.3   5.356e-13
1   6.2   39.2   5.356e-13
1   5.4   36.3   5.356e-13
1   5.8   37.6   5.356e-13
1   5.6   37.2   5.356e-13
1   5.1   34.9   5.356e-13
1   5.0   32.6   5.356e-13
1   5.0   31.7   5.356e-13
1   6.5   28.5   5.356e-13
1   5.0   32.5   5.356e-13
1   5.0   31.7   5.356e-13
1   5.3   30.5   5.356e-13
1   5.3   30.6   5.356e-13
1   5.6   29.9   5.356e-13
1   5.4   30.4   5.356e-13
1   5.3   30.6   5.356e-13
1   5.4   30.5   5.356e-13
1   5.2   31.1   5.356e-13
1   5.1   31.2   5.356e-13
1   6.9   28.4   5.569e-13
1   15.7   22.8   5.569e-13
1   8.6   26.6   5.569e-13
1   40.7   16.5   5.569e-13
1   20.0   21.2   5.569e-13
1   19.3   21.4   5.569e-13
1   9.9   25.7   5.569e-13
1   9.8   25.7   5.569e-13
1   5.4   31.2   5.569e-13
1   6.3   29.1   5.569e-13
1   5.4   31.2   5.569e-13
1   5.7   36.2   5.569e-13
1   6.4   38.9   5.569e-13
1   7.0   41.1   5.569e-13
1   7.0   41.2   5.569e-13
1   7.8   45.7   5.569e-13
1   6.8   40.5   5.569e-13
1   7.2   42.0   5.569e-13
1   7.2   42.0   5.569e-13
1   7.8   45.4   5.569e-13
1   5.4   31.2   5.569e-13
1   5.3   33.5   5.569e-13
1   5.3   32.1   5.569e-13
1   6.7   28.6   5.569e-13
1   6.6   28.7   5.569e-13
1   6.1   29.5   5.569e-13
1   6.6   28.8   5.569e-13
1   5.4   31.5   5.569e-13
1   6.2   29.4   5.569e-13
1   7.7   27.5   5.569e-13
1   5.3   33.5   5.569e-13
1   5.3   31.7   5.569e-13
1   5.3   32.7   5.569e-13
1   5.6   36.0   5.569e-13
1   5.8   36.6   5.569e-13
1   5.9   37.3   5.569e-13
1   5.8   36.8   5.569e-13
1   5.7   36.4   5.569e-13
1   6.1   38.0   5.569e-13
1   6.1   37.7   5.569e-13
1   5.3   33.5   5.569e-13
1   5.4   34.7   5.569e-13
1   5.5   35.4   5.569e-13
1   5.5   35.3   5.569e-13
1   5.5   35.2   5.569e-13
1   5.3   34.2   5.569e-13
1   5.3   34.2   5.569e-13
1   5.3   33.9   5.569e-13
1   5.3   33.6   5.569e-13
1   5.4   34.9   5.569e-13
1   5.8   31.2   5.790e-13
1   9.2   26.4   5.790e-13
1   6.2   29.9   5.790e-13
1   9.0   26.6   5.790e-13
1   7.7   27.7   5.790e-13
1   5.6   32.9   5.790e-13
1   7.6   42.6   5.790e-13
1   6.6   38.7   5.790e-13
1   5.8   35.4   5.790e-13
1   7.6   27.9   5.790e-13
1   5.6   32.9   5.790e-13
1   5.7   34.7   5.790e-13
1   7.6   42.8   5.790e-13
1   6.2   36.9   5.790e-13
1   5.6   33.4   5.790e-13
1   6.9   28.7   5.790e-13
1   20.2   21.2   5.790e-13
1   15.4   23.1   5.790e-13
1   17.4   22.3   5.790e-13
1   7.8   27.6   5.790e-13
1   5.6   33.4   5.790e-13
1   6.0   36.2   5.790e-13
1   6.2   37.0   5.790e-13
1   6.9   39.6   5.790e-13
1   5.9   35.7   5.790e-13
1   6.5   38.4   5.790e-13
1   5.8   35.4   5.790e-13
1   7.0   40.1   5.790e-13
1   7.2   40.8   5.790e-13
1   7.1   40.7   5.790e-13
1   5.6   33.4   5.790e-13
1   5.6   32.5   5.790e-13
1   5.7   31.4   5.790e-13
1   7.1   28.5   5.790e-13
1   6.7   29.0   5.790e-13
1   6.6   29.1   5.790e-13
1   7.3   28.2   5.790e-13
1   10.0   25.8   5.790e-13
1   10.9   25.2   5.790e-13
1   13.6   23.9   5.790e-13
1   5.6   33.4   5.790e-13
1   5.9   35.8   5.790e-13
1   5.9   35.6   5.790e-13
1   5.8   35.5   5.790e-13
1   5.9   35.6   5.790e-13
1   5.8   35.5   5.790e-13
1   5.9   35.8   5.790e-13
1   5.8   35.1   5.790e-13
1   5.7   34.3   5.790e-13
1   5.7   34.8   5.790e-13
1   9.9   26.1   6.021e-13
1   16.7   22.7   6.021e-13
1   59.6   13.9   6.021e-13
1   58.5   14.0   6.021e-13
1   31.3   18.3   6.021e-13
1   11.1   25.3   6.021e-13
1   17.4   22.4   6.021e-13
1   12.6   24.5   6.021e-13
1   21.8   20.8   6.021e-13
1   24.0   20.1   6.021e-13
1   9.9   26.1   6.021e-13
1   6.2   30.8   6.021e-13
1   6.1   34.5   6.021e-13
1   6.4   36.4   6.021e-13
1   6.6   37.3   6.021e-13
1   6.2   35.4   6.021e-13
1   6.1   34.6   6.021e-13
1   6.1   31.6   6.021e-13
1   6.2   35.7   6.021e-13
1   6.1   34.7   6.021e-13
1   6.1   34.5   6.021e-13
1   6.5   30.2   6.021e-13
1   7.0   29.1   6.021e-13
1   8.6   27.2   6.021e-13
1   20.0   21.4   6.021e-13
1   13.3   24.2   6.021e-13
1   7.5   28.4   6.021e-13
1   9.3   26.6   6.021e-13
1   11.5   25.1   6.021e-13
1   7.7   28.1   6.021e-13
1   6.1   34.5   6.021e-13
1   6.0   34.0   6.021e-13
1   6.1   31.4   6.021e-13
1   6.0   32.6   6.021e-13
1   6.0   31.9   6.021e-13
1   6.0   33.8   6.021e-13
1   6.3   36.0   6.021e-13
1   6.2   35.7   6.021e-13
1   6.4   36.6   6.021e-13
1   6.5   36.9   6.021e-13
1   6.0   33.8   6.021e-13
1   6.2   35.8   6.021e-13
1   6.2   35.8   6.021e-13
1   6.3   36.1   6.021e-13
1   6.1   34.6   6.021e-13
1   6.1   34.7   6.021e-13
1   6.2   35.8   6.021e-13
1   6.3   35.9   6.021e-13
1   6.1   34.8   6.021e-13
1   6.2   35.6   6.021e-13
1   7.2   29.4   6.261e-13
1   35.7   17.5   6.261e-13
1   73.5   12.3   6.261e-13
1   48.8   15.4   6.261e-13
1   71.7   12.5   6.261e-13
1   78.5   11.8   6.261e-13
1   76.6   12.0   6.261e-13
1   31.7   18.3   6.261e-13
1   61.4   13.7   6.261e-13
1   24.7   20.0   6.261e-13
1   7.2   29.4   6.261e-13
1   6.4   34.3   6.261e-13
1   6.4   34.2   6.261e-13
1   6.6   35.8   6.261e-13
1   6.4   33.3   6.261e-13
1   7.7   40.6   6.261e-13
1   8.4   45.9   6.261e-13
1   8.2   43.7   6.261e-13
1   8.4   46.8   6.261e-13
1   8.1   42.8   6.261e-13
1   6.4   33.3   6.261e-13
1   6.4   33.3   6.261e-13
1   7.6   40.2   6.261e-13
1   7.2   38.3   6.261e-13
1   8.2   44.2   6.261e-13
1   8.4   47.4   6.261e-13
1   8.7   50.7   6.261e-13
1   8.5   47.9   6.261e-13
1   8.5   48.7   6.261e-13
1   9.2   54.3   6.261e-13
1   6.4   33.3   6.261e-13
1   6.4   32.5   6.261e-13
1   6.9   30.2   6.261e-13
1   7.3   29.3   6.261e-13
1   7.7   28.6   6.261e-13
1   8.4   27.8   6.261e-13
1   11.3   25.4   6.261e-13
1   12.5   24.8   6.261e-13
1   9.2   27.0   6.261e-13
1   8.0   28.3   6.261e-13
1   6.4   33.3   6.261e-13
1   6.5   31.6   6.261e-13
1   6.8   30.3   6.261e-13
1   6.8   30.3   6.261e-13
1   7.2   29.4   6.261e-13
1   6.9   30.1   6.261e-13
1   6.7   30.7   6.261e-13
1   7.2   29.5   6.261e-13
1   7.0   29.8   6.261e-13
1   6.7   30.7   6.261e-13
1   11.9   25.3   6.510e-13
1   26.1   19.7   6.510e-13
1   57.4   14.2   6.510e-13
1   78.5   11.8   6.510e-13
1   85.6   11.1   6.510e-13
1   53.3   14.8   6.510e-13
1   32.1   18.3   6.510e-13
1   20.9   21.3   6.510e-13
1   27.1   19.5   6.510e-13
1   32.5   18.2   6.510e-13
1   11.9   25.3   6.510e-13
1   21.6   21.1   6.510e-13
1   53.6   14.7   6.510e-13
1   63.2   13.5   6.510e-13
1   31.2   18.5   6.510e-13
1   66.5   13.1   6.510e-13
1   30.4   18.7   6.510e-13
1   35.4   17.6   6.510e-13
1   29.4   18.9   6.510e-13
1   13.2   24.6   6.510e-13
1   11.9   25.3   6.510e-13
1   14.0   24.2   6.510e-13
1   16.1   23.2   6.510e-13
1   20.1   21.6   6.510e-13
1   18.6   22.2   6.510e-13
1   30.8   18.6   6.510e-13
1   22.8   20.7   6.510e-13
1   49.2   15.3   6.510e-13
1   81.4   11.5   6.510e-13
1   80.4   11.6   6.510e-13
1   11.9   25.3   6.510e-13
1   17.5   22.6   6.510e-13
1   15.0   23.7   6.510e-13
1   11.4   25.6   6.510e-13
1   11.1   25.8   6.510e-13
1   10.5   26.2   6.510e-13
1   10.8   26.0   6.510e-13
1   7.4   29.9   6.510e-13
1   10.3   26.4   6.510e-13
1   8.2   28.5   6.510e-13
1   7.4   29.9   6.510e-13
1   8.7   27.9   6.510e-13
1   9.9   26.7   6.510e-13
1   9.3   27.3   6.510e-13
1   13.7   24.4   6.510e-13
1   16.7   23.0   6.510e-13
1   17.0   22.9   6.510e-13
1   15.9   23.3   6.510e-13
1   14.6   23.9   6.510e-13
1   21.5   21.1   6.510e-13
1   7.4   31.2   6.769e-13
1   7.5   30.8   6.769e-13
1   8.5   41.4   6.769e-13
1   7.9   38.1   6.769e-13
1   7.9   38.0   6.769e-13
1   8.6   42.7   6.769e-13
1   8.7   43.1   6.769e-13
1   8.5   41.3   6.769e-13
1   8.5   41.6   6.769e-13
1   7.6   36.8   6.769e-13
1   7.4   31.2   6.769e-13
1   9.2   27.9   6.769e-13
1   8.3   29.1   6.769e-13
1   7.4   31.2   6.769e-13
1   8.8   28.4   6.769e-13
1   8.1   29.5   6.769e-13
1   8.3   29.1   6.769e-13
1   8.8   28.3   6.769e-13
1   7.7   30.4   6.769e-13
1   19.0   22.2   6.769e-13
1   7.4   31.2   6.769e-13
1   7.4   31.2   6.769e-13
1   7.2   33.0   6.769e-13
1   8.1   39.3   6.769e-13
1   8.4   40.7   6.769e-13
1   7.6   36.7   6.769e-13
1   7.6   36.9   6.769e-13
1   8.7   43.1   6.769e-13
1   8.7   43.0   6.769e-13
1   8.3   40.5   6.769e-13
1   7.2   33.0   6.769e-13
1   7.9   29.9   6.769e-13
1   8.9   28.3   6.769e-13
1   10.5   26.7   6.769e-13
1   10.5   26.6   6.769e-13
1   9.8   27.3   6.769e-13
1   7.5   31.1   6.769e-13
1   8.1   29.4   6.769e-13
1   11.1   26.1   6.769e-13
1   15.5   23.7   6.769e-13
1   7.2   33.0   6.769e-13
1   7.3   32.6   6.769e-13
1   7.3   32.5   6.769e-13
1   7.2   33.3   6.769e-13
1   7.3   33.8   6.769e-13
1   7.3   34.7   6.769e-13
1   7.3   34.3   6.769e-13
1   7.3   34.4   6.769e-13
1   7.3   32.4   6.769e-13
1   7.3   32.5   6.769e-13
1   11.7   26.1   7.038e-13
1   8.3   30.2   7.038e-13
1   10.8   26.8   7.038e-13
1   7.7   33.0   7.038e-13
1   8.0   36.2   7.038e-13
1   7.9   35.6   7.038e-13
1   8.1   36.9   7.038e-13
1   8.3   37.9   7.038e-13
1   9.9   27.7   7.038e-13
1   9.9   27.7   7.038e-13
1   7.7   33.0   7.038e-13
1   7.7   33.3   7.038e-13
1   24.6   20.4   7.038e-13
1   45.4   16.0   7.038e-13
1   35.7   17.7   7.038e-13
1   64.4   13.4   7.038e-13
1   84.2   11.3   7.038e-13
1   77.6   11.9   7.038e-13
1   71.4   12.6   7.038e-13
1   82.5   11.4   7.038e-13
1   7.7   33.3   7.038e-13
1   7.8   34.4   7.038e-13
1   7.9   31.2   7.038e-13
1   7.8   34.0   7.038e-13
1   8.8   29.2   7.038e-13
1   8.5   29.7   7.038e-13
1   8.9   29.0   7.038e-13
1   9.1   28.7   7.038e-13
1   12.1   25.7   7.038e-13
1   10.5   27.1   7.038e-13
1   7.7   33.3   7.038e-13
1   9.1   28.6   7.038e-13
1   11.9   26.0   7.038e-13
1   15.0   24.1   7.038e-13
1   10.6   27.0   7.038e-13
1   8.4   29.9   7.038e-13
1   11.2   26.4   7.038e-13
1   12.3   25.7   7.038e-13
1   12.7   25.4   7.038e-13
1   17.7   22.9   7.038e-13
1   7.7   33.3   7.038e-13
1   7.9   31.6   7.038e-13
1   7.8   31.9   7.038e-13
1   7.8   32.3   7.038e-13
1   7.8   32.2   7.038e-13
1   7.8   32.7   7.038e-13
1   7.7   34.0   7.038e-13
1   7.7   33.3   7.038e-13
1   7.8   32.7   7.038e-13
1   7.7   33.9   7.038e-13
1   13.2   25.4   7.318e-13
1   8.7   30.4   7.318e-13
1   10.2   27.9   7.318e-13
1   8.3   34.3   7.318e-13
1   8.3   35.0   7.318e-13
1   8.9   38.8   7.318e-13
1   8.4   31.7   7.318e-13
1   8.4   31.9   7.318e-13
1   8.3   34.1   7.318e-13
1   8.5   31.1   7.318e-13
1   8.3   34.1   7.318e-13
1   9.1   40.5   7.318e-13
1   9.2   41.2   7.318e-13
1   9.2   42.1   7.318e-13
1   8.7   37.9   7.318e-13
1   9.2   41.9   7.318e-13
1   9.2   47.6   7.318e-13
1   9.1   49.5   7.318e-13
1   9.3   42.9   7.318e-13
1   9.0   39.6   7.318e-13
1   8.3   34.1   7.318e-13
1   8.3   34.9   7.318e-13
1   8.4   31.6   7.318e-13
1   8.5   36.7   7.318e-13
1   8.3   33.0   7.318e-13
1   8.4   36.1   7.318e-13
1   8.3   32.8   7.318e-13
1   9.5   28.8   7.318e-13
1   13.0   25.5   7.318e-13
1   20.5   22.0   7.318e-13
1   8.3   33.0   7.318e-13
1   8.3   33.2   7.318e-13
1   8.4   31.7   7.318e-13
1   8.3   33.6   7.318e-13
1   8.3   35.1   7.318e-13
1   8.3   32.1   7.318e-13
1   8.3   32.0   7.318e-13
1   8.3   32.7   7.318e-13
1   8.3   33.6   7.318e-13
1   8.3   35.1   7.318e-13
1   8.3   33.6   7.318e-13
1   8.3   34.0   7.318e-13
1   8.3   33.6   7.318e-13
1   8.4   35.4   7.318e-13
1   8.3   33.7   7.318e-13
1   8.3   32.9   7.318e-13
1   8.3   33.8   7.318e-13
1   8.4   35.5   7.318e-13
1   8.5   36.4   7.318e-13
1   8.3   35.1   7.318e-13
1   8.8   33.2   7.609e-13
1   9.3   48.5   7.609e-13
1   9.3   52.8   7.609e-13
1   9.6   42.6   7.609e-13
1   9.5   41.0   7.609e-13
1   9.4   39.6   7.609e-13
1   9.0   36.1   7.609e-13
1   9.0   36.2   7.609e-13
1   8.9   35.7   7.609e-13
1   8.8   33.7   7.609e-13
1   8.8   33.7   7.609e-13
1   8.8   34.6   7.609e-13
1   9.1   37.1   7.609e-13
1   12.2   26.6   7.609e-13
1   34.4   18.2   7.609e-13
1   80.8   11.7   7.609e-13
1   74.2   12.4   7.609e-13
1   75.8   12.2   7.609e-13
1   43.8   16.4   7.609e-13
1   54.5   14.8   7.609e-13
1   8.8   33.7   7.609e-13
1   8.9   32.0   7.609e-13
1   11.1   27.6   7.609e-13
1   17.0   23.7   7.609e-13
1   16.6   23.9   7.609e-13
1   24.9   20.6   7.609e-13
1   16.9   23.7   7.609e-13
1   9.1   31.2   7.609e-13
1   8.8   33.3   7.609e-13
1   9.3   38.4   7.609e-13
1   8.8   33.7   7.609e-13
1   8.8   33.7   7.609e-13
1   8.8   34.4   7.609e-13
1   8.9   35.4   7.609e-13
1   8.9   35.1   7.609e-13
1   8.8   34.5   7.609e-13
1   8.9   35.5   7.609e-13
1   8.9   35.7   7.609e-13
1   9.2   38.1   7.609e-13
1   9.4   39.5   7.609e-13
1   8.8   33.7   7.609e-13
1   8.8   33.1   7.609e-13
1   8.8   33.3   7.609e-13
1   8.9   32.1   7.609e-13
1   8.8   33.1   7.609e-13
1   8.8   33.3   7.609e-13
1   8.8   33.5   7.609e-13
1   8.9   35.5   7.609e-13
1   8.8   33.6   7.609e-13
1   8.9   32.4   7.609e-13
1   10.2   29.8   7.912e-13
1   9.4   33.7   7.912e-13
1   10.2   29.6   7.912e-13
1   15.7   24.6   7.912e-13
1   29.9   19.3   7.912e-13
1   25.4   20.6   7.912e-13
1   13.9   25.6   7.912e-13
1   9.4   33.0   7.912e-13
1   9.6   36.9   7.912e-13
1   9.4   34.3   7.912e-13
1   9.4   33.7   7.912e-13
1   9.4   33.1   7.912e-13
1   9.5   35.7   7.912e-13
1   9.7   38.0   7.912e-13
1   9.5   32.8   7.912e-13
1   13.9   25.7   7.912e-13
1   9.9   30.4   7.912e-13
1   9.6   31.6   7.912e-13
1   9.4   33.1   7.912e-13
1   10.7   28.9   7.912e-13
1   9.4   33.7   7.912e-13
1   9.7   37.4   7.912e-13
1   9.6   36.8   7.912e-13
1   9.5   35.8   7.912e-13
1   9.4   34.3   7.912e-13
1   9.4   33.7   7.912e-13
1   9.5   32.7   7.912e-13
1   9.5   36.2   7.912e-13
1   9.7   37.5   7.912e-13
1   9.8   38.8   7.912e-13
1   9.4   33.7   7.912e-13
1   9.4   33.7   7.912e-13
1   9.4   33.8   7.912e-13
1   9.4   34.6   7.912e-13
1   9.4   33.6   7.912e-13
1   9.6   37.3   7.912e-13
1   9.8   39.2   7.912e-13
1   10.0   41.7   7.912e-13
1   10.0   43.0   7.912e-13
1   10.0   41.2   7.912e-13
1   9.4   33.7   7.912e-13
1   9.4   33.4   7.912e-13
1   9.4   33.9   7.912e-13
1   9.4   34.7   7.912e-13
1   9.5   35.7   7.912e-13
1   9.5   35.6   7.912e-13
1   9.4   34.4   7.912e-13
1   9.4   33.3   7.912e-13
1   9.5   32.6   7.912e-13
1   9.5   32.6   7.912e-13
1   10.0   34.4   8.227e-13
1   10.3   38.7   8.227e-13
1   9.9   46.8   8.227e-13
1   9.4   52.0   8.227e-13
1   9.5   53.4   8.227e-13
1   9.5   50.2   8.227e-13
1   10.4   57.3   8.227e-13
1   9.8   47.5   8.227e-13
1   10.0   46.4   8.227e-13
1   10.1   45.6   8.227e-13
1   9.4   52.0   8.227e-13
1   9.4   51.2   8.227e-13
1   9.4   50.9   8.227e-13
1   9.6   49.0   8.227e-13
1   9.4   51.0   8.227e-13
1   11.1   58.8   8.227e-13
1   10.0   56.2   8.227e-13
1   9.5   50.7   8.227e-13
1   9.7   47.9   8.227e-13
1   10.1   44.9   8.227e-13
1   9.4   52.0   8.227e-13
1   10.3   56.9   8.227e-13
1   9.6   54.5   8.227e-13
1   9.6   54.4   8.227e-13
1   10.3   57.1   8.227e-13
1   11.3   59.2   8.227e-13
1   15.4   64.5   8.227e-13
1   15.6   64.7   8.227e-13
1   12.8   61.5   8.227e-13
1   11.0   58.7   8.227e-13
1   9.4   52.0   8.227e-13
1   10.5   57.4   8.227e-13
1   10.7   58.0   8.227e-13
1   10.3   56.9   8.227e-13
1   10.6   57.8   8.227e-13
1   10.7   57.9   8.227e-13
1   10.2   56.8   8.227e-13
1   9.8   55.3   8.227e-13
1   11.9   60.2   8.227e-13
1   11.8   60.0   8.227e-13
1   9.4   52.0   8.227e-13
1   9.4   52.3   8.227e-13
1   9.5   53.1   8.227e-13
1   9.4   52.3   8.227e-13
1   9.4   51.9   8.227e-13
1   9.4   52.4   8.227e-13
1   9.5   53.1   8.227e-13
1   9.4   52.9   8.227e-13
1   9.4   52.0   8.227e-13
1   9.5   50.6   8.227e-13
1   12.9   27.7   8.555e-13
1   23.4   21.7   8.555e-13
1   23.0   21.8   8.555e-13
1   30.6   19.4   8.555e-13
1   14.3   26.3   8.555e-13
1   14.1   26.5   8.555e-13
1   12.6   28.0   8.555e-13
1   10.7   33.7   8.555e-13
1   10.7   35.5   8.555e-13
1   13.2   27.4   8.555e-13
1   10.7   35.5   8.555e-13
1   10.7   35.7   8.555e-13
1   10.9   31.7   8.555e-13
1   10.8   38.8   8.555e-13
1   10.3   45.7   8.555e-13
1   10.8   42.8   8.555e-13
1   10.8   42.4   8.555e-13
1   10.8   37.4   8.555e-13
1   10.9   39.4   8.555e-13
1   10.9   39.2   8.555e-13
1   10.3   45.7   8.555e-13
1   9.8   48.7   8.555e-13
1   9.5   51.4   8.555e-13
1   10.1   47.1   8.555e-13
1   10.3   45.9   8.555e-13
1   10.7   43.2   8.555e-13
1   10.2   46.4   8.555e-13
1   10.8   42.3   8.555e-13
1   10.5   44.6   8.555e-13
1   10.3   45.7   8.555e-13
1   9.5   51.4   8.555e-13
1   9.6   50.7   8.555e-13
1   9.6   51.1   8.555e-13
1   9.9   48.5   8.555e-13
1   10.2   46.6   8.555e-13
1   10.1   46.9   8.555e-13
1   10.3   46.1   8.555e-13
1   10.4   45.4   8.555e-13
1   10.8   41.5   8.555e-13
1   10.8   42.1   8.555e-13
1   9.5   51.4   8.555e-13
1   9.5   51.4   8.555e-13
1   9.5   52.0   8.555e-13
1   9.5   53.1   8.555e-13
1   9.5   52.7   8.555e-13
1   9.5   51.5   8.555e-13
1   9.6   51.1   8.555e-13
1   9.8   49.3   8.555e-13
1   9.8   49.2   8.555e-13
1   9.9   48.4   8.555e-13
1   11.3   34.0   8.895e-13
1   11.4   37.6   8.895e-13
1   11.3   35.0   8.895e-13
1   11.4   39.4   8.895e-13
1   10.2   47.8   8.895e-13
1   9.9   49.6   8.895e-13
1   11.2   42.2   8.895e-13
1   9.8   55.1   8.895e-13
1   10.6   57.8   8.895e-13
1   10.1   48.3   8.895e-13
1   9.8   55.1   8.895e-13
1   10.5   57.6   8.895e-13
1   9.7   54.2   8.895e-13
1   9.8   49.9   8.895e-13
1   9.6   53.4   8.895e-13
1   14.9   64.1   8.895e-13
1   12.1   60.5   8.895e-13
1   11.4   59.3   8.895e-13
1   13.9   62.9   8.895e-13
1   16.8   66.0   8.895e-13
1   9.6   53.4   8.895e-13
1   9.6   52.9   8.895e-13
1   9.9   49.7   8.895e-13
1   9.9   49.7   8.895e-13
1   10.0   49.1   8.895e-13
1   10.0   48.8   8.895e-13
1   9.7   50.9   8.895e-13
1   9.6   51.8   8.895e-13
1   9.6   51.6   8.895e-13
1   9.8   50.3   8.895e-13
1   9.6   52.9   8.895e-13
1   9.7   54.1   8.895e-13
1   9.8   54.7   8.895e-13
1   9.7   54.0   8.895e-13
1   9.8   50.4   8.895e-13
1   9.8   49.9   8.895e-13
1   9.7   50.8   8.895e-13
1   10.3   47.4   8.895e-13
1   10.1   48.6   8.895e-13
1   9.6   51.6   8.895e-13
1   9.6   52.9   8.895e-13
1   9.6   52.7   8.895e-13
1   9.6   52.6   8.895e-13
1   9.8   50.4   8.895e-13
1   10.0   48.9   8.895e-13
1   9.8   50.0   8.895e-13
1   9.8   50.3   8.895e-13
1   9.8   50.2   8.895e-13
1   9.7   51.1   8.895e-13
1   9.7   51.3   8.895e-13
1   12.6   30.4   9.249e-13
1   11.5   43.2   9.249e-13
1   11.0   45.5   9.249e-13
1   10.0   49.8   9.249e-13
1   10.1   49.2   9.249e-13
1   9.8   51.2   9.249e-13
1   9.7   53.8   9.249e-13
1   9.7   53.7   9.249e-13
1   10.4   48.1   9.249e-13
1   10.7   46.7   9.249e-13
1   9.7   53.7   9.249e-13
1   12.0   38.6   9.249e-13
1   11.8   41.2   9.249e-13
1   11.6   42.9   9.249e-13
1   11.8   41.0   9.249e-13
1   12.0   39.2   9.249e-13
1   12.0   36.0   9.249e-13
1   12.0   38.9   9.249e-13
1   11.3   44.0   9.249e-13
1   11.8   40.8   9.249e-13
1   9.7   53.7   9.249e-13
1   9.8   54.4   9.249e-13
1   14.4   63.5   9.249e-13
1   16.1   65.3   9.249e-13
1   13.6   62.5   9.249e-13
1   17.4   66.6   9.249e-13
1   16.3   65.5   9.249e-13
1   15.2   64.3   9.249e-13
1   13.4   62.4   9.249e-13
1   14.8   64.0   9.249e-13
1   9.7   53.7   9.249e-13
1   10.0   55.8   9.249e-13
1   10.5   57.4   9.249e-13
1   10.1   56.4   9.249e-13
1   9.7   54.0   9.249e-13
1   10.0   55.9   9.249e-13
1   10.0   55.7   9.249e-13
1   9.7   53.1   9.249e-13
1   9.9   50.8   9.249e-13
1   10.0   49.8   9.249e-13
1   9.7   53.1   9.249e-13
1   9.7   52.9   9.249e-13
1   9.7   53.2   9.249e-13
1   9.8   54.4   9.249e-13
1   9.7   53.0   9.249e-13
1   9.8   51.7   9.249e-13
1   9.7   51.8   9.249e-13
1   9.7   52.5   9.249e-13
1   9.7   52.1   9.249e-13
1   9.7   53.2   9.249e-13
1   16.5   26.2   9.617e-13
1   21.3   23.4   9.617e-13
1   39.1   17.8   9.617e-13
1   61.9   14.1   9.617e-13
1   71.2   13.0   9.617e-13
1   53.2   15.3   9.617e-13
1   18.8   24.6   9.617e-13
1   26.6   21.1   9.617e-13
1   15.0   27.7   9.617e-13
1   12.8   33.3   9.617e-13
1   12.8   33.3   9.617e-13
1   14.9   27.8   9.617e-13
1   12.8   33.1   9.617e-13
1   13.1   31.3   9.617e-13
1   14.1   28.9   9.617e-13
1   19.5   24.3   9.617e-13
1   13.0   31.9   9.617e-13
1   13.3   30.4   9.617e-13
1   19.1   24.5   9.617e-13
1   13.3   30.6   9.617e-13
1   12.8   33.3   9.617e-13
1   13.2   30.8   9.617e-13
1   14.0   29.0   9.617e-13
1   12.9   32.4   9.617e-13
1   13.2   30.7   9.617e-13
1   13.9   29.2   9.617e-13
1   16.9   25.9   9.617e-13
1   13.7   29.5   9.617e-13
1   12.6   36.1   9.617e-13
1   13.2   30.9   9.617e-13
1   12.6   36.1   9.617e-13
1   12.6   36.6   9.617e-13
1   12.6   38.3   9.617e-13
1   12.6   36.2   9.617e-13
1   12.9   32.6   9.617e-13
1   13.2   30.7   9.617e-13
1   16.1   26.6   9.617e-13
1   17.7   25.3   9.617e-13
1   18.8   24.6   9.617e-13
1   18.0   25.1   9.617e-13
1   12.6   38.3   9.617e-13
1   12.6   37.6   9.617e-13
1   12.6   37.3   9.617e-13
1   12.6   36.6   9.617e-13
1   12.7   34.7   9.617e-13
1   12.7   34.0   9.617e-13
1   12.7   34.0   9.617e-13
1   12.7   34.0   9.617e-13
1   12.7   34.7   9.617e-13
1   12.7   34.7   9.617e-13
1   13.9   31.1   1.000e-12
1   13.5   33.6   1.000e-12
1   13.3   36.4   1.000e-12
1   13.2   37.4   1.000e-12
1   13.2   38.3   1.000e-12
1   14.9   28.8   1.000e-12
1   13.7   31.8   1.000e-12
1   13.4   34.3   1.000e-12
1   15.6   27.8   1.000e-12
1   16.8   26.5   1.000e-12
1   13.2   38.3   1.000e-12
1   12.6   42.0   1.000e-12
1   12.5   42.6   1.000e-12
1   13.4   34.2   1.000e-12
1   13.4   34.1   1.000e-12
1   13.8   31.4   1.000e-12
1   14.2   30.2   1.000e-12
1   20.1   24.3   1.000e-12
1   21.7   23.5   1.000e-12
1   16.3   27.0   1.000e-12
1   12.5   42.6   1.000e-12
1   11.7   45.3   1.000e-12
1   11.1   47.1   1.000e-12
1   11.7   45.4   1.000e-12
1   12.2   43.5   1.000e-12
1   11.8   45.0   1.000e-12
1   12.4   42.9   1.000e-12
1   12.3   43.2   1.000e-12
1   12.8   41.1   1.000e-12
1   11.2   46.8   1.000e-12
1   11.1   47.1   1.000e-12
1   10.7   48.6   1.000e-12
1   11.2   46.9   1.000e-12
1   11.8   44.9   1.000e-12
1   12.1   43.9   1.000e-12
1   11.9   44.8   1.000e-12
1   11.9   44.5   1.000e-12
1   11.1   47.2   1.000e-12
1   11.2   47.0   1.000e-12
1   11.2   46.8   1.000e-12
1   10.7   48.6   1.000e-12
1   11.2   46.8   1.000e-12
1   11.7   45.3   1.000e-12
1   10.9   47.9   1.000e-12
1   10.3   50.0   1.000e-12
1   10.2   50.3   1.000e-12
1   10.1   50.8   1.000e-12
1   10.5   49.3   1.000e-12
1   10.2   50.3   1.000e-12
1   10.5   49.3   1.000e-12
