           1         137     319.116     2.40118         225          15     2.32852
           2         138     321.518     2.40226         180     13.4164    -1.02099
           3         139      323.92     2.40334         202     14.2127    0.625003
           4         140     326.323     2.40443         200     14.1421    0.396379
           5         141     328.728     2.40551         214     14.6287     0.99492
           6         142     331.133      2.4066         226     15.0333     1.18961
           7         143      333.54     2.40768         221     14.8661    0.584988
           8         144     335.947     2.40876         189     13.7477    -1.62612
           9         145     338.356     2.40985         219     14.7986    0.113897
          10         146     340.766     2.41093         241     15.5242     1.03977
          11         147     343.177     2.41201         241     15.5242    0.603456
          12         148     345.589      2.4131         260     16.1245     1.23575
          13         149     348.002     2.41418         232     15.2315    -1.00557
          14         150     350.416     2.41526         243     15.5885   -0.828374
          15         151     352.831     2.41635         278     16.6733    0.673956
          16         152     355.248     2.41743         268     16.3707   -0.590849
          17         153     357.665     2.41851         314       17.72     1.32015
          18         154     360.084      2.4196         381     19.5192     4.19986
          19         155     362.503     2.42068         317     17.8045    0.668689
          20         156     364.924     2.42176         293     17.1172    -1.45463
          21         157     367.346     2.42285         334     18.2757  -0.0971918
          22         158     369.769     2.42393         364     19.0788    0.584535
          23         159     372.193     2.42501         329     18.1384    -1.68027
          24         160     374.618      2.4261         371     19.2614   -0.162259
          25         161     377.044     2.42718         411     20.2731     0.61208
          26         162     379.471     2.42826         397     19.9249   -0.651621
          27         163     381.899     2.42935         346     18.6011    -4.23025
          28         164     384.328     2.43043         425     20.6155    -1.01742
          29         165     386.759     2.43151         477     21.8403    0.880874
          30         166      389.19      2.4326         453     21.2838      -1.191
          31         167     391.623     2.43368         529          23     1.30357
          32         168     394.057     2.43476         452     21.2603    -2.63526
          33         169     396.491     2.43585         555     23.5584     1.19672
          34         170     398.927     2.43693         533     23.0868   -0.451361
          35         171     401.364     2.43801         544     23.3238   -0.562397
          36         172     403.802      2.4391         587     24.2281    0.364779
          37         173     406.241     2.44018         596     24.4131  -0.0261685
          38         174     408.681     2.44126         654     25.5734     1.79091
          39         175     411.123     2.44235         579     24.0624    -1.41122
          40         176     413.565     2.44343         631     25.1197    0.156339
          41         177     416.009     2.44451         695     26.3629     1.87561
          42         178     418.453      2.4456         606     24.6171     -1.9076
          43         179     420.899     2.44668         673     25.9422    0.316292
          44         180     423.345     2.44776         640     25.2982    -1.45929
          45         181     425.793     2.44885         725     26.9258     1.47266
          46         182     428.242     2.44993         689     26.2488  0.00121146
          47         183     430.692     2.45101         696     26.3818    0.582425
          48         184     433.143      2.4521         687     26.2107    0.198619
          49         185     435.595     2.45318         699     26.4386    0.287578
          50         186     438.048     2.45426         691     26.2869    0.114766
          51         187     440.502     2.45535         632     25.1396    -2.21344
          52         188     442.958     2.45643         700     26.4575    0.277282
          53         189     445.414     2.45752         678     26.0384  -0.0219168
          54         190     447.872      2.4586         627       25.04    -1.79012
          55         191      450.33     2.45968         709     26.6271     1.20458
          56         192      452.79     2.46077         698     26.4197     1.10773
          57         193     455.251     2.46185         651     25.5147   -0.252329
          58         194     457.713     2.46293         655      25.593    0.396451
          59         195     460.176     2.46402         666      25.807     1.38038
          60         196      462.64      2.4651         610     24.6982   -0.341983
          61         197     465.105     2.46618         600     24.4949    -0.20389
          62         198     467.571     2.46727         591     24.3105     0.16315
          63         199     470.038     2.46835         577     24.0208    0.587485
          64         200     472.506     2.46943         510     22.5832    -2.08341
          65         201     474.976     2.47052         593     24.3516     1.15846
          66         202     477.446      2.4716         518     22.7596    -1.06173
          67         203     479.918     2.47268         521     22.8254    0.289158
          68         204     482.391     2.47377         452     21.2603    -2.17221
          69         205     484.864     2.47485         509      22.561     1.19944
          70         206     487.339     2.47593         445      21.095     -1.0774
          71         207     489.815     2.47702         467     21.6102    0.842289
          72         208     492.292      2.4781         424     20.5913   -0.357397
          73         209      494.77     2.47918         420     20.4939   0.0783791
          74         210      497.25     2.48027         481     21.9317     3.59339
          75         211      499.73     2.48135         362     19.0263    -1.29386
          76         212     502.211     2.48243         387     19.6723    0.611147
          77         213     504.694     2.48352         362     19.0263    0.213884
          78         214     507.177      2.4846         318     17.8326     -1.2611
          79         215     509.662     2.48568         350     18.7083      1.1986
          80         216     512.147     2.48677         328     18.1108    0.705462
          81         217     514.634     2.48785         271     16.4621    -1.85607
          82         218     517.122     2.48893         293     17.1172    0.302722
          83         219     519.611     2.49002         318     17.8326     2.31055
          84         220     522.101      2.4911         256          16   -0.629103
          85         221     524.592     2.49218         227     15.0665    -1.77893
          86         222     527.084     2.49327         264     16.2481     1.27015
          87         223     529.578     2.49435         244     15.6205    0.378364
          88         224     532.072     2.49543         198     14.0712    -2.27986
          89         225     534.567     2.49652         233     15.2643    0.961765
          90         226     537.064      2.4976         224     14.9666    0.863526
          91         227     539.561     2.49868         186     13.6382    -1.46072
          92         228      542.06     2.49977         204     14.2829     0.40254
          93         229      544.56     2.50085         165     12.8452    -1.99433
          94         230     547.061     2.50193         195     13.9642    0.611402
          95         231     549.563     2.50302         182     13.4907  -0.0461494
          96         232     552.066      2.5041         173     13.1529   -0.298685
          97         233      554.57     2.50518         192     13.8564     1.50198
          98         234     557.075     2.50627         165     12.8452   -0.122904
          99         235     559.581     2.50735         153     12.3693   -0.873729
         100         236     562.089     2.50844         153     12.3693   -0.626368
         101         237     564.597     2.50952         175     13.2288     1.42784
         102         238     567.107      2.5106         124     11.1355    -2.50161
         103         239     569.617     2.51169         173     13.1529     1.83536
         104         240     572.129     2.51277         129     11.3578     -1.6032
         105         241     574.642     2.51385         124     11.1355    -1.97028
         106         242     577.155     2.51494         142     11.9164   -0.102511
         107         243      579.67     2.51602         123     11.0905     -1.5874
         108         244     582.186      2.5171         131     11.4455   -0.699719
         109         245     584.703     2.51819         132     11.4891   -0.453908
         110         246     587.222     2.51927         135      11.619  -0.0360453
         111         247     589.741     2.52035         136     11.6619    0.197835
         112         248     592.261     2.52144         139     11.7898     0.54535
         113         249     594.783     2.52252         131     11.4455    0.275874
         114         250     597.305      2.5236         120     10.9545   -0.704164
         115         251     599.829     2.52469         151     12.2882     1.39753
         116         252     602.354     2.52577         123     11.0905   -0.620433
         117         253     604.879     2.52685         126      11.225    0.132852
         118         254     607.406     2.52794         120     10.9545    -0.39893
         119         255     609.934     2.52902         129     11.3578    0.556278
         120         256     612.463      2.5301         105      10.247    -1.58745
         121         257     614.993     2.53119         133     11.5326       1.119
         122         258     617.524     2.53227          98     9.89949    -2.14484
         123         259     620.057     2.53335         113     10.6301   -0.528262
         124         260      622.59     2.53444         130     11.4018     1.19339
         125         261     625.124     2.53552         124     11.1355    0.781259
         126         262      627.66      2.5366         112      10.583   -0.291178
         127         263     630.197     2.53769         114     10.6771   0.0866552
         128         264     632.734     2.53877         101     10.0499    -1.07468
         129         265     635.273     2.53985         104      10.198   -0.639102
         130         266     637.813     2.54094         124     11.1355      1.3656
         131         267     640.354     2.54202         115     10.7238    0.607578
         132         268     642.896      2.5431         111     10.5357    0.369268
         133         269     645.439     2.54419         100          10   -0.468799
         134         270     647.983     2.54527         115     10.7238     1.10722
         135         271     650.528     2.54635         122     11.0454     1.84945
         136         272     653.075     2.54744         101     10.0499   0.0135152
         137         273     655.622     2.54852          84     9.16515    -1.79005
         138         274     658.171      2.5496          86     9.27362    -1.29332
         139         275      660.72     2.55069         105      10.247     0.86671
         140         276     663.271     2.55177         103     10.1489    0.802781
         141         277     665.823     2.55285          82     9.05539    -1.18346
         142         278     668.376     2.55394          81           9    -1.15274
         143         279      670.93     2.55502          82     9.05539   -0.783328
         144         280     673.485      2.5561          84     9.16515   -0.283781
         145         281     676.041     2.55719          97     9.84886     1.19742
         146         282     678.598     2.55827          86     9.27362     0.30355
         147         283     681.156     2.55936          87     9.32738    0.560483
         148         284     683.716     2.56044          71     8.42615    -1.12278
         149         285     686.276     2.56152          85     9.21954    0.488727
         150         286     688.837     2.56261          78     8.83176  -0.0979547
         151         287       691.4     2.56369          64           8    -1.25506
         152         288     693.964     2.56477          77     8.77496    0.498333
         153         289     696.529     2.56586          82     9.05539     1.14032
         154         290     699.094     2.56694          71     8.42615     0.23313
         155         291     701.661     2.56802          71     8.42615    0.472502
         156         292     704.229     2.56911          52      7.2111    -1.84397
         157         293     706.798     2.57019          70      8.3666    0.739105
         158         294     709.369     2.57127          69     8.30662    0.769559
         159         295      711.94     2.57236          73       8.544     1.40484
         160         296     714.512     2.57344          52      7.2111    -0.97965
         161         297     717.086     2.57452          55      7.4162   -0.369965
         162         298      719.66     2.57561          61     7.81025    0.664917
         163         299     722.236     2.57669          52      7.2111   -0.184489
         164         300     724.813     2.57777          54     7.34847    0.286504
         165         301      727.39     2.57886          43     6.55744    -1.23155
         166         302     729.969     2.57994          55      7.4162    0.755317
         167         303     732.549     2.58102          48      6.9282   0.0925797
         168         304      735.13     2.58211          44     6.63325   -0.261036
         169         305     737.712     2.58319          36           6    -1.36048
         170         306     740.295     2.58427          51     7.14143     1.12436
         171         307      742.88     2.58536          46     6.78233    0.560242
         172         308     745.465     2.58644          41     6.40312    0.034452
         173         309     748.052     2.58752          35     5.91608   -0.647621
         174         310     750.639     2.58861          34     5.83095   -0.610589
         175         311     753.228     2.58969          35     5.91608   -0.270777
         176         312     755.817     2.59077          39       6.245     0.55346
         177         313     758.408     2.59186          49           7     2.12002
         178         314         761     2.59294          41     6.40312     1.28156
         179         315     763.593     2.59402          42     6.48074     1.51585
         180         316     766.187     2.59511          27     5.19615   -0.781202
         181         317     768.782     2.59619          38     6.16441     1.37087
         182         318     771.378     2.59727          35     5.91608     1.05423
         183         319     773.976     2.59836          32     5.65685    0.698238
         184         320     776.574     2.59944          31     5.56776    0.696095
         185         321     779.173     2.60052          31     5.56776    0.818555
         186         322     781.774     2.60161          34     5.83095     1.42009
         187         323     784.375     2.60269          23     4.79583    -0.38151
         188         324     786.978     2.60377          21     4.58258   -0.656029
         189         325     789.582     2.60486          24     4.89898    0.175087
         190         326     792.187     2.60594          21     4.58258   -0.332577
         191         327     794.793     2.60702          22     4.69042  -0.0324334
         192         328       797.4     2.60811          16           4    -1.40401
         193         329     800.008     2.60919          23     4.79583    0.440417
         194         330     802.617     2.61028          24     4.89898    0.763307
         195         331     805.227     2.61136          25           5     1.05478
         196         332     807.839     2.61244          16           4   -0.728325
         197         333     810.451     2.61353          25           5     1.22378
         198         334     813.065     2.61461          22     4.69042    0.545021
         199         335     815.679     2.61569          18     4.24264   -0.143512
         200         336     818.295     2.61678          21     4.58258    0.745362
         201         337     820.912     2.61786          13     3.60555    -1.23098
         202         338      823.53     2.61894          14     3.74166   -0.833576
         203         339     826.149     2.62003          17     4.12311   0.0758012
         204         340     828.769     2.62111          12      3.4641    -1.30038
         205         341      831.39     2.62219          20     4.47214    0.821905
         206         342     834.012     2.62328          16           4  0.00515389
         207         343     836.635     2.62436          12      3.4641    -1.00605
         208         344     839.259     2.62544          13     3.60555     -0.5605
         209         345     841.885     2.62653          18     4.24264    0.713145
         210         346     844.511     2.62761          12      3.4641   -0.871225
         211         347     847.139     2.62869           9           3    -1.97229
         212         348     849.768     2.62978          14     3.74166   -0.188749
         213         349     852.398     2.63086          17     4.12311    0.675375
         214         350     855.028     2.63194          18     4.24264    0.930669
         215         351      857.66     2.63303          13     3.60555   -0.327269
         216         352     860.293     2.63411          11     3.31662   -0.904298
         217         353     862.927     2.63519           9           3    -1.62108
         218         354     865.563     2.63628           9           3    -1.62695
         219         355     868.199     2.63736          17     4.12311     0.80611
         220         356     870.836     2.63844          14     3.74166    0.185364
         221         357     873.475     2.63953          10     3.16228    -1.02648
         222         358     876.114     2.64061          11     3.31662   -0.710892
         223         359     878.755     2.64169          13     3.60555  -0.0384853
         224         360     881.397     2.64278          15     3.87298    0.542971
         225         361     884.039     2.64386           6     2.44949    -2.79179
         226         362     886.683     2.64494          22     4.69042     1.95706
         227         363     889.328     2.64603          14     3.74166    0.314896
         228         364     891.974     2.64711          10     3.16228   -0.847396
         229         365     894.621     2.64819           4           2    -4.22055
         230         366     897.269     2.64928           9           3    -1.13282
         231         367     899.919     2.65036          11     3.31662     -0.4321
         232         368     902.569     2.65144          15     3.87298    0.679746
         233         369     905.221     2.65253           5     2.23607    -3.25754
         234         370     907.873     2.65361          11     3.31662   -0.348686
         235         371     910.527     2.65469          14     3.74166    0.520791
         236         372     913.181     2.65578           9           3    -1.01176
         237         373     915.837     2.65686          11     3.31662   -0.293629
         238         374     918.494     2.65794          13     3.60555    0.350686
         239         375     921.152     2.65903          10     3.16228   -0.588519
         240         376     923.811     2.66011           8     2.82843    -1.50571
         241         377     926.471      2.6612           9           3    -1.00954
         242         378     929.132     2.66228          15     3.87298      0.8384
         243         379     931.795     2.66336           8     2.82843    -1.34022
         244         380     934.458     2.66445           7     2.64575    -1.84015
         245         381     937.122     2.66553           5     2.23607    -3.09126
         246         382     939.788     2.66661          11     3.31662   -0.229508
         247         383     942.455      2.6677           9           3   -0.903094
         248         384     945.122     2.66878          17     4.12311     1.27603
         249         385     947.791     2.66986          10     3.16228   -0.521535
         250         386     950.461     2.67095          12      3.4641    0.132586
         251         387     953.132     2.67203          10     3.16228   -0.465932
         252         388     955.804     2.67311           9           3   -0.801255
         253         389     958.477      2.6742          12      3.4641    0.191584
         254         390     961.151     2.67528          11     3.31662  -0.0925925
         255         391     963.826     2.67636           7     2.64575    -1.62696
         256         392     966.503     2.67745          13     3.60555    0.460539
         257         393      969.18     2.67853          14     3.74166    0.694386
         258         394     971.859     2.67961           7     2.64575     -1.6632
         259         395     974.538      2.6807           6     2.44949    -2.13401
         260         396     977.219     2.68178           6     2.44949    -2.07254
         261         397     979.901     2.68286          17     4.12311     1.44982
         262         398     982.584     2.68395           8     2.82843    -1.08416
         263         399     985.268     2.68503           9           3   -0.634174
         264         400     987.953     2.68611          11     3.31662  -0.0110049
         265         401     990.639      2.6872           6     2.44949    -2.40377
         266         402     993.326     2.68828          11     3.31662   -0.212609
         267         403     996.014     2.68936          12      3.4641        0.26
         268         404     998.704     2.69045          13     3.60555     0.51596
         269         405     1001.39     2.69153          10     3.16228     -0.3578
         270         406     1004.09     2.69261          10     3.16228   -0.397619
         271         407     1006.78      2.6937          15     3.87298    0.971747
         272         408     1009.47     2.69478          11     3.31662 0.000870682
         273         409     1012.17     2.69586          13     3.60555    0.558423
         274         410     1014.86     2.69695           7     2.64575    -1.57652
         275         411     1017.56     2.69803           9           3   -0.785536
         276         412     1020.26     2.69911          15     3.87298    0.937573
         277         413     1022.96      2.7002          12      3.4641    0.220682
         278         414     1025.66     2.70128          11     3.31662  -0.0317011
         279         415     1028.36     2.70236          14     3.74166    0.788421
         280         416     1031.06     2.70345          16           4     1.20773
         281         417     1033.76     2.70453           8     2.82843    -1.11537
         282         418     1036.47     2.70561           8     2.82843    -1.06225
         283         419     1039.17      2.7067          17     4.12311     1.43784
         284         420     1041.88     2.70778           7     2.64575    -1.59592
         285         421     1044.59     2.70886           3     1.73205    -4.75753
         286         422      1047.3     2.70995          13     3.60555    0.506696
         287         423     1050.01     2.71103          10     3.16228   -0.400056
         288         424     1052.72     2.71211          10     3.16228   -0.388888
         289         425     1055.43      2.7132          11     3.31662   -0.041521
         290         426     1058.14     2.71428          12      3.4641    0.233716
         291         427     1060.86     2.71537          16           4     1.22548
         292         428     1063.57     2.71645          13     3.60555    0.514655
         293         429     1066.29     2.71753          11     3.31662  -0.0721901
         294         430     1069.01     2.71862          13     3.60555    0.508571
         295         431     1071.73      2.7197          18     4.24264     1.61093
         296         432     1074.45     2.72078          19      4.3589     1.79608
         297         433     1077.17     2.72187          12      3.4641    0.267125
         298         434     1079.89     2.72295          10     3.16228   -0.342576
         299         435     1082.61     2.72403          11     3.31662   -0.054137
         300         436     1085.34     2.72512          10     3.16228   -0.369569
         301         437     1088.06      2.7262           5     2.23607    -2.74359
         302         438     1090.79     2.72728           8     2.82843    -1.13661
         303         439     1093.51     2.72837          10     3.16228   -0.393726
         304         440     1096.24     2.72945          13     3.60555    0.515338
         305         441     1098.97     2.73053           7     2.64575    -1.56792
         306         442      1101.7     2.73162          12      3.4641    0.243625
         307         443     1104.43      2.7327           8     2.82843    -1.08943
         308         444     1107.17     2.73378           7     2.64575     -1.5723
         309         445      1109.9     2.73487          10     3.16228   -0.427894
         310         446     1112.64     2.73595           9           3   -0.780586
         311         447     1115.37     2.73703           9           3   -0.753043
         312         448     1118.11     2.73812          17     4.12311     1.37792
         313         449     1120.85      2.7392          11     3.31662  -0.0678775
         314         450     1123.59     2.74028          12      3.4641    0.243272
         315         451     1126.33     2.74137          16           4     1.17514
         316         452     1129.07     2.74245          13     3.60555    0.497622
         317         453     1131.81     2.74353          13     3.60555    0.537035
         318         454     1134.55     2.74462          15     3.87298    0.985379
         319         455      1137.3      2.7457           7     2.64575    -1.58641
         320         456     1140.04     2.74678           9           3   -0.663677
         321         457     1142.79     2.74787          13     3.60555    0.568696
         322         458     1145.54     2.74895           8     2.82843    -1.11106
         323         459     1148.29     2.75003          10     3.16228    -0.36691
         324         460     1151.04     2.75112           5     2.23607     -2.7044
         325         461     1153.79      2.7522           9           3   -0.698487
         326         462     1156.54     2.75328          19      4.3589     1.80518
         327         463     1159.29     2.75437          12      3.4641    0.277313
         328         464     1162.05     2.75545          12      3.4641     0.29655
         329         465      1164.8     2.75653          13     3.60555    0.547161
         330         466     1167.56     2.75762           6     2.44949    -2.08895
         331         467     1170.32      2.7587           9           3   -0.676112
         332         468     1173.08     2.75978           9           3   -0.617677
         333         469     1175.84     2.76087           8     2.82843   -0.954406
         334         470      1178.6     2.76195          14     3.74166    0.898228
         335         471     1181.36     2.76303          11     3.31662   0.0672263
         336         472     1184.12     2.76412          15     3.87298     1.09901
         337         473     1186.89      2.7652          15     3.87298     1.10748
         338         474     1189.65     2.76629          20     4.47214     2.07797
         339         475     1192.42     2.76737          12      3.4641    0.405242
         340         476     1195.19     2.76845           8     2.82843   -0.994077
         341         477     1197.95     2.76954           8     2.82843     -1.0388
         342         478     1200.72     2.77062          17     4.12311     1.50715
         343         479     1203.49      2.7717          13     3.60555    0.669541
         344         480     1206.27     2.77279          13     3.60555    0.685427
         345         481     1209.04     2.77387           7     2.64575    -1.40495
         346         482     1211.81     2.77495          14     3.74166    0.893437
         347         483     1214.59     2.77604           8     2.82843   -0.874217
         348         484     1217.36     2.77712          11     3.31662    0.135223
         349         485     1220.14      2.7782           7     2.64575    -1.36918
         350         486     1222.92     2.77929          12      3.4641    0.447786
         351         487      1225.7     2.78037           8     2.82843   -0.799001
         352         488     1228.48     2.78145           9           3   -0.405449
         353         489     1231.26     2.78254           9           3   -0.388837
         354         490     1234.04     2.78362           6     2.44949    -1.66969
         355         491     1236.83      2.7847           8     2.82843   -0.720114
         356         492     1239.61     2.78579           9           3   -0.379094
         357         493      1242.4     2.78687          10     3.16228  -0.0594727
         358         494     1245.18     2.78795          10     3.16228   0.0014328
         359         495     1247.97     2.78904          16           4     1.51555
         360         496     1250.76     2.79012          12      3.4641    0.599849
         361         497     1253.55      2.7912          12      3.4641    0.645048
         362         498     1256.34     2.79229          10     3.16228    0.127014
         363         499     1259.13     2.79337          10     3.16228    0.248885
         364         500     1261.93     2.79445          12      3.4641    0.649755
         365         501     1264.72     2.79554          10     3.16228   -0.273954
         366         502     1267.52     2.79662          12      3.4641    0.490301
         367         503     1270.31      2.7977           9           3   -0.145445
         368         504     1273.11     2.79879           5     2.23607    -2.01131
         369         505     1275.91     2.79987           9           3   -0.186117
         370         506     1278.71     2.80095          11     3.31662    0.434288
         371         507     1281.51     2.80204          18     4.24264     1.97958
         372         508     1284.31     2.80312          12      3.4641    0.708158
         373         509     1287.12      2.8042           6     2.44949    -1.38211
         374         510     1289.92     2.80529           8     2.82843   -0.451673
         375         511     1292.73     2.80637           9           3  -0.0742976
         376         512     1295.53     2.80745           9           3  -0.0900834
         377         513     1298.34     2.80854          16           4     1.66916
         378         514     1301.15     2.80962           9           3  -0.0228227
         379         515     1303.96      2.8107           3     1.73205    -3.40438
         380         516     1306.77     2.81179          13     3.60555     1.11936
         381         517     1309.58     2.81287          14     3.74166     1.35561
         382         518     1312.39     2.81395           7     2.64575   -0.740574
         383         519     1315.21     2.81504           9           3  0.00278505
         384         520     1318.02     2.81612          15     3.87298     1.56749
         385         521     1320.84     2.81721           5     2.23607    -1.69954
         386         522     1323.66     2.81829           8     2.82843   -0.195058
         387         523     1326.47     2.81937           4           2    -2.24137
         388         524     1329.29     2.82046          11     3.31662    0.735779
         389         525     1332.11     2.82154           4           2     -2.2449
         390         526     1334.93     2.82262          12      3.4641     1.02748
         391         527     1337.76     2.82371           7     2.64575   -0.544333
         392         528     1340.58     2.82479          10     3.16228    0.498763
         393         529     1343.41     2.82587           7     2.64575   -0.570755
         394         530     1346.23     2.82696           9           3    0.148026
         395         531     1349.06     2.82804          11     3.31662    0.778972
         396         532     1351.89     2.82912          10     3.16228    0.524893
         397         533     1354.72     2.83021          12      3.4641     1.03428
         398         534     1357.55     2.83129           5     2.23607    -1.46968
         399         535     1360.38     2.83237          12      3.4641     1.13295
         400         536     1363.21     2.83346           8     2.82843   0.0077884
         401         537     1366.04     2.83454           7     2.64575   -0.373184
         402         538     1368.88     2.83562           6     2.44949   -0.852007
         403         539     1371.71     2.83671           9           3    0.325277
         404         540     1374.55     2.83779           9           3    0.347693
         405         541     1377.39     2.83887           5     2.23607    -1.27465
         406         542     1380.23     2.83996           5     2.23607    -1.20811
         407         543     1383.07     2.84104           7     2.64575   -0.269083
         408         544     1385.91     2.84212           9           3    0.420551
         409         545     1388.75     2.84321           7     2.64575   -0.318473
         410         546     1391.59     2.84429           8     2.82843     0.02772
         411         547     1394.44     2.84537           3     1.73205     -2.7157
         412         548     1397.28     2.84646           5     2.23607    -1.12494
         413         549     1400.13     2.84754           4           2     -1.7889
         414         550     1402.98     2.84862           6     2.44949   -0.638979
         415         551     1405.83     2.84971           8     2.82843    0.152858
         416         552     1408.68     2.85079           4           2    -1.79465
         417         553     1411.53     2.85187           8     2.82843     0.23087
         418         554     1414.38     2.85296           5     2.23607   -0.966648
         419         555     1417.23     2.85404          12      3.4641     1.36448
         420         556     1420.08     2.85512           6     2.44949   -0.545053
         421         557     1422.94     2.85621          14     3.74166     1.79765
         422         558      1425.8     2.85729           7     2.64575    -0.13532
         423         559     1428.65     2.85837           6     2.44949   -0.590313
         424         560     1431.51     2.85946          11     3.31662     1.10485
         425         561     1434.37     2.86054           8     2.82843    0.269693
         426         562     1437.23     2.86162           9           3    0.561795
         427         563     1440.09     2.86271           4           2    -1.63292
         428         564     1442.96     2.86379           7     2.64575  -0.0224342
         429         565     1445.82     2.86487           9           3    0.690761
         430         566     1448.68     2.86596           6     2.44949   -0.377468
         431         567     1451.55     2.86704           7     2.64575  -0.0215415
         432         568     1454.42     2.86813           7     2.64575  -0.0509637
         433         569     1457.29     2.86921           3     1.73205    -2.27852
         434         570     1460.16     2.87029           9           3    0.713773
         435         571     1463.03     2.87138          13     3.60555     1.65144
         436         572      1465.9     2.87246           1           1    -5.94585
         437         573     1468.77     2.87354           7     2.64575   0.0636702
         438         574     1471.64     2.87463           6     2.44949   -0.350671
         439         575     1474.52     2.87571          12      3.4641     1.50491
         440         576     1477.39     2.87679           9           3    0.724112
         441         577     1480.27     2.87788           4           2    -1.38736
         442         578     1483.15     2.87896           4           2    -1.34157
         443         579     1486.03     2.88004           4           2    -1.37233
         444         580     1488.91     2.88113           8     2.82843    0.456682
         445         581     1491.79     2.88221           4           2    -1.28735
         446         582     1494.67     2.88329           4           2    -1.21041
         447         583     1497.55     2.88438           7     2.64575    0.258658
         448         584     1500.44     2.88546           9           3    0.878274
         449         585     1503.32     2.88654           4           2    -1.21622
         450         586     1506.21     2.88763          13     3.60555      1.8122
         451         587      1509.1     2.88871           5     2.23607   -0.660774
         452         588     1511.99     2.88979           8     2.82843    0.595264
         453         589     1514.88     2.89088           7     2.64575    0.279034
         454         590     1517.77     2.89196           6     2.44949   -0.151192
         455         591     1520.66     2.89304           8     2.82843    0.616227
         456         592     1523.55     2.89413           3     1.73205    -1.85449
         457         593     1526.45     2.89521          10     3.16228     1.12953
         458         594     1529.34     2.89629           9           3    0.821628
         459         595     1532.24     2.89738           9           3    0.869731
         460         596     1535.13     2.89846           3     1.73205     -1.9048
         461         597     1538.03     2.89954           6     2.44949   -0.153077
         462         598     1540.93     2.90063           8     2.82843    0.618119
         463         599     1543.83     2.90171           6     2.44949   0.0526664
         464         600     1546.74     2.90279           6     2.44949   0.0834374
         465         601     1549.64     2.90388           5     2.23607   -0.458404
         466         602     1552.54     2.90496          11     3.31662     1.48097
         467         603     1555.45     2.90604           7     2.64575    0.385156
         468         604     1558.35     2.90713           3     1.73205    -1.70414
         469         605     1561.26     2.90821           5     2.23607   -0.482466
         470         606     1564.17     2.90929           5     2.23607   -0.504837
         471         607     1567.08     2.91038           3     1.73205    -1.80729
         472         608     1569.99     2.91146           6     2.44949  -0.0143702
         473         609      1572.9     2.91254           3     1.73205    -1.62117
         474         610     1575.81     2.91363           7     2.64575    0.488047
         475         611     1578.73     2.91471           7     2.64575    0.467346
         476         612     1581.64     2.91579           5     2.23607   -0.413806
         477         613     1584.56     2.91688           5     2.23607   -0.477049
         478         614     1587.47     2.91796           4           2   -0.991588
         479         615     1590.39     2.91905           5     2.23607   -0.360168
         480         616     1593.31     2.92013           6     2.44949    0.117972
         481         617     1596.23     2.92121           4           2   -0.808944
         482         618     1599.15      2.9223           5     2.23607   -0.218182
         483         619     1602.07     2.92338           4           2   -0.709119
         484         620        1605     2.92446           9           3     1.19301
         485         621     1607.92     2.92555           9           3     1.17344
         486         622     1610.85     2.92663           7     2.64575    0.547491
         487         623     1613.77     2.92771           2     1.41421    -2.47949
         488         624      1616.7      2.9288           6     2.44949    0.248476
         489         625     1619.63     2.92988           5     2.23607   -0.176989
         490         626     1622.56     2.93096           1           1    -4.51809
         491         627     1625.49     2.93205           5     2.23607   -0.203732
         492         628     1628.42     2.93313           0           0        -inf
         493         629     1631.36     2.93421           4           2     -0.6095
         494         630     1634.29      2.9353           6     2.44949    0.380143
         495         631     1637.23     2.93638           6     2.44949     0.38361
         496         632     1640.16     2.93746           8     2.82843     1.01627
         497         633      1643.1     2.93855           5     2.23607  -0.0579813
         498         634     1646.04     2.93963           1           1    -4.22061
         499         635     1648.98     2.94071          10     3.16228      1.4871
         500         636     1651.92      2.9418           6     2.44949    0.240989
         501         637     1654.86     2.94288           3     1.73205    -1.41798
         502         638      1657.8     2.94396           9           3     1.27767
         503         639     1660.75     2.94505           4           2   -0.415436
         504         640     1663.69     2.94613           5     2.23607     0.11806
         505         641     1666.64     2.94721           7     2.64575    0.796529
         506         642     1669.59      2.9483           5     2.23607   -0.011484
         507         643     1672.53     2.94938           4           2   -0.513151
         508         644     1675.48     2.95046           5     2.23607  -0.0325694
         509         645     1678.43     2.95155           4           2   -0.488223
         510         646     1681.38     2.95263           7     2.64575    0.794846
         511         647     1684.34     2.95371           1           1    -4.03509
         512         648     1687.29      2.9548           0           0        -inf
         513         649     1690.25     2.95588           5     2.23607   0.0583133
         514         650      1693.2     2.95696           4           2   -0.396419
         515         651     1696.16     2.95805           6     2.44949    0.431909
         516         652     1699.12     2.95913           4           2   -0.459046
         517         653     1702.08     2.96021           5     2.23607    0.105126
         518         654     1705.04      2.9613           2     1.41421    -1.97976
         519         655        1708     2.96238           7     2.64575    0.765946
         520         656     1710.96     2.96346           7     2.64575    0.765294
         521         657     1713.92     2.96455           4           2   -0.423536
         522         658     1716.89     2.96563           5     2.23607   0.0862524
         523         659     1719.85     2.96671           4           2   -0.400632
         524         660     1722.82      2.9678           3     1.73205    -1.03091
         525         661     1725.79     2.96888           1           1    -3.70147
         526         662     1728.76     2.96997           5     2.23607    0.183724
         527         663     1731.73     2.97105           5     2.23607    0.212676
         528         664      1734.7     2.97213           7     2.64575    0.963303
         529         665     1737.67     2.97322           8     2.82843     1.29571
         530         666     1740.64      2.9743           0           0        -inf
         531         667     1743.62     2.97538           6     2.44949    0.432891
         532         668     1746.59     2.97647           4           2   -0.437998
         533         669     1749.57     2.97755           4           2   -0.264186
         534         670     1752.55     2.97863           5     2.23607    0.193507
         535         671     1755.53     2.97972           5     2.23607    0.214809
         536         672     1758.51      2.9808           6     2.44949    0.632346
         537         673     1761.49     2.98188           3     1.73205   -0.866423
         538         674     1764.47     2.98297           5     2.23607    0.197801
         539         675     1767.45     2.98405           3     1.73205   -0.844253
         540         676     1770.44     2.98513           6     2.44949    0.707715
         541         677     1773.42     2.98622           7     2.64575     1.07234
         542         678     1776.41      2.9873           3     1.73205   -0.644824
         543         679     1779.39     2.98838           6     2.44949    0.751129
         544         680     1782.38     2.98947           4           2  -0.0984404
         545         681     1785.37     2.99055           5     2.23607    0.379472
         546         682     1788.36     2.99163           4           2  -0.0959184
         547         683     1791.35     2.99272           6     2.44949    0.717779
         548         684     1794.35      2.9938           3     1.73205    -0.72643
         549         685     1797.34     2.99488           3     1.73205   -0.705152
         550         686     1800.34     2.99597           6     2.44949    0.780953
         551         687     1803.33     2.99705           5     2.23607    0.395141
         552         688     1806.33     2.99813           6     2.44949    0.685299
         553         689     1809.33     2.99922           3     1.73205   -0.827579
         554         690     1812.33      3.0003           7     2.64575    0.977903
         555         691     1815.33     3.00138           1           1    -3.19661
         556         692     1818.33     3.00247           4           2  0.00250626
         557         693     1821.33     3.00355           5     2.23607     0.41013
         558         694     1824.33     3.00463           4           2   -0.101172
         559         695     1827.34     3.00572           3     1.73205   -0.766724
         560         696     1830.34      3.0068           4           2   -0.178787
         561         697     1833.35     3.00788           3     1.73205   -0.643003
         562         698     1836.36     3.00897           2     1.41421    -1.44302
         563         699     1839.37     3.01005           3     1.73205   -0.750176
         564         700     1842.38     3.01113           4           2   -0.243672
         565         701     1845.39     3.01222           3     1.73205   -0.839891
         566         702      1848.4      3.0133           1           1    -3.33511
         567         703     1851.41     3.01438           5     2.23607     0.40019
         568         704     1854.43     3.01547           8     2.82843      1.3953
         569         705     1857.44     3.01655           4           2   -0.157629
         570         706     1860.46     3.01763           2     1.41421    -1.66554
         571         707     1863.48     3.01872           7     2.64575     1.05898
         572         708      1866.5      3.0198           3     1.73205   -0.714576
         573         709     1869.52     3.02089           4           2   -0.239698
         574         710     1872.54     3.02197           2     1.41421    -1.72772
         575         711     1875.56     3.02305           4           2  -0.0569654
         576         712     1878.58     3.02414           4           2  -0.0502069
         577         713     1881.61     3.02522           2     1.41421    -1.53479
         578         714     1884.63      3.0263           4           2  -0.0685215
         579         715     1887.66     3.02739           3     1.73205   -0.657558
         580         716     1890.69     3.02847           1           1    -3.01361
         581         717     1893.71     3.02955           3     1.73205   -0.648424
         582         718     1896.74     3.03064           3     1.73205   -0.798176
         583         719     1899.77     3.03172           6     2.44949    0.687958
         584         720     1902.81      3.0328           3     1.73205   -0.724969
         585         721     1905.84     3.03389           4           2   -0.153935
         586         722     1908.87     3.03497           7     2.64575     1.03261
         587         723     1911.91     3.03605           7     2.64575    0.988957
         588         724     1914.94     3.03714           5     2.23607    0.169675
         589         725     1917.98     3.03822           4           2   -0.229263
         590         726     1921.02      3.0393           1           1    -3.23937
         591         727     1924.06     3.04039           8     2.82843      1.2611
         592         728      1927.1     3.04147           3     1.73205    -0.93658
         593         729     1930.14     3.04255           2     1.41421    -1.99455
         594         730     1933.18     3.04364           7     2.64575      0.7849
         595         731     1936.23     3.04472           4           2   -0.340566
         596         732     1939.27      3.0458           4           2   -0.332711
         597         733     1942.32     3.04689           5     2.23607   0.0402715
         598         734     1945.36     3.04797           3     1.73205     -1.0242
         599         735     1948.41     3.04905           6     2.44949    0.623482
         600         736     1951.46     3.05014           6     2.44949    0.633613
         601         737     1954.51     3.05122           7     2.64575    0.907518
         602         738     1957.56      3.0523           4           2   -0.435298
         603         739     1960.61     3.05339           2     1.41421    -2.19131
         604         740     1963.67     3.05447           2     1.41421    -2.17532
         605         741     1966.72     3.05555           4           2   -0.406461
         606         742     1969.78     3.05664           3     1.73205   -0.984951
         607         743     1972.83     3.05772           2     1.41421    -2.00242
         608         744     1975.89      3.0588           4           2   -0.358305
         609         745     1978.95     3.05989           9           3     1.51444
         610         746     1982.01     3.06097           6     2.44949    0.595134
         611         747     1985.07     3.06205           5     2.23607    0.118622
         612         748     1988.13     3.06314           5     2.23607    0.132492
         613         749      1991.2     3.06422           7     2.64575    0.877112
         614         750     1994.26      3.0653           5     2.23607     0.10234
         615         751     1997.33     3.06639           7     2.64575    0.807678
         616         752     2000.39     3.06747           4           2   -0.374731
         617         753     2003.46     3.06855           7     2.64575    0.852856
         618         754     2006.53     3.06964           1           1     -3.8353
         619         755      2009.6     3.07072           8     2.82843     1.16429
         620         756     2012.67     3.07181           2     1.41421    -1.96185
         621         757     2015.74     3.07289           6     2.44949    0.385695
         622         758     2018.81     3.07397           4           2   -0.583135
         623         759     2021.89     3.07506           7     2.64575    0.723903
         624         760     2024.96     3.07614           7     2.64575    0.790243
         625         761     2028.04     3.07722           4           2   -0.406488
         626         762     2031.12     3.07831           9           3     1.40321
         627         763     2034.19     3.07939           5     2.23607   0.0614617
         628         764     2037.27     3.08047           5     2.23607  -0.0899519
         629         765     2040.35     3.08156           8     2.82843     0.94443
         630         766     2043.44     3.08264           5     2.23607  -0.0491897
         631         767     2046.52     3.08372           6     2.44949    0.427898
         632         768      2049.6     3.08481           6     2.44949    0.437149
         633         769     2052.69     3.08589           4           2   -0.516953
         634         770     2055.77     3.08697           3     1.73205    -1.29404
         635         771     2058.86     3.08806           4           2   -0.734871
         636         772     2061.95     3.08914          11     3.31662     1.64926
         637         773     2065.04     3.09022           8     2.82843    0.914454
         638         774     2068.13     3.09131           3     1.73205    -1.38123
         639         775     2071.22     3.09239           9           3     1.15333
         640         776     2074.31     3.09347           4           2   -0.778163
         641         777      2077.4     3.09456           1           1    -4.49524
         642         778      2080.5     3.09564           9           3     1.20473
         643         779     2083.59     3.09672           5     2.23607   -0.161069
         644         780     2086.69     3.09781           3     1.73205    -1.49743
         645         781     2089.79     3.09889           8     2.82843    0.812566
         646         782     2092.89     3.09997           4           2   -0.670219
         647         783     2095.99     3.10106           5     2.23607   0.0199598
         648         784     2099.09     3.10214          11     3.31662     1.73001
         649         785     2102.19     3.10322           8     2.82843    0.846289
         650         786     2105.29     3.10431           6     2.44949    0.135952
         651         787      2108.4     3.10539           6     2.44949    0.122523
         652         788      2111.5     3.10647           7     2.64575    0.540051
         653         789     2114.61     3.10756           7     2.64575    0.552653
         654         790     2117.72     3.10864           8     2.82843    0.770292
         655         791     2120.83     3.10972           3     1.73205    -1.78305
         656         792     2123.94     3.11081           8     2.82843    0.670764
         657         793     2127.05     3.11189           8     2.82843    0.663131
         658         794     2130.16     3.11297           6     2.44949     -0.1085
         659         795     2133.27     3.11406           7     2.64575    0.217794
         660         796     2136.39     3.11514           4           2    -1.16172
         661         797      2139.5     3.11622           8     2.82843    0.672782
         662         798     2142.62     3.11731           3     1.73205    -1.86094
         663         799     2145.74     3.11839          10     3.16228     1.19081
         664         800     2148.85     3.11947           4           2    -1.14179
         665         801     2151.97     3.12056           9           3    0.739282
         666         802     2155.09     3.12164           3     1.73205    -2.03162
         667         803     2158.22     3.12273           7     2.64575    0.379883
         668         804     2161.34     3.12381           7     2.64575    0.296222
         669         805     2164.46     3.12489          14     3.74166     1.98205
         670         806     2167.59     3.12598           6     2.44949   -0.339305
         671         807     2170.71     3.12706           5     2.23607    -0.83855
         672         808     2173.84     3.12814           8     2.82843    0.454647
         673         809     2176.97     3.12923          10     3.16228     1.10031
         674         810      2180.1     3.13031          11     3.31662     1.31682
         675         811     2183.23     3.13139           8     2.82843     0.42186
         676         812     2186.36     3.13248           5     2.23607   -0.782721
         677         813     2189.49     3.13356           5     2.23607   -0.788064
         678         814     2192.62     3.13464           5     2.23607    -0.82533
         679         815     2195.76     3.13573           3     1.73205    -2.34032
         680         816      2198.9     3.13681           8     2.82843    0.266071
         681         817     2202.03     3.13789           7     2.64575  -0.0458106
         682         818     2205.17     3.13898           7     2.64575   0.0292212
         683         819     2208.31     3.14006           3     1.73205    -2.24137
         684         820     2211.45     3.14114           7     2.64575  0.00446225
         685         821     2214.59     3.14223          12      3.4641     1.33656
         686         822     2217.73     3.14331           7     2.64575   -0.219007
         687         823     2220.88     3.14439           7     2.64575   -0.125355
         688         824     2224.02     3.14548           7     2.64575  -0.0401004
         689         825     2227.17     3.14656           8     2.82843    0.340653
         690         826     2230.31     3.14764           9           3     0.67397
         691         827     2233.46     3.14873           8     2.82843    0.430121
         692         828     2236.61     3.14981           9           3    0.711522
         693         829     2239.76     3.15089           5     2.23607   -0.987767
         694         830     2242.91     3.15198          12      3.4641     1.34404
         695         831     2246.06     3.15306           4           2    -1.67622
         696         832     2249.21     3.15414           8     2.82843    0.290772
         697         833     2252.37     3.15523           7     2.64575  -0.0471974
         698         834     2255.52     3.15631           3     1.73205    -2.56967
         699         835     2258.68     3.15739           7     2.64575   -0.222165
         700         836     2261.84     3.15848           4           2    -1.71112
         701         837        2265     3.15956           7     2.64575   -0.163605
         702         838     2268.16     3.16064          11     3.31662     1.02844
         703         839     2271.32     3.16173           9           3    0.485554
         704         840     2274.48     3.16281           8     2.82843    0.188991
         705         841     2277.64     3.16389           4           2    -1.78337
         706         842      2280.8     3.16498          10     3.16228    0.698785
         707         843     2283.97     3.16606           7     2.64575   -0.340353
         708         844     2287.14     3.16714           7     2.64575   -0.256121
         709         845      2290.3     3.16823           7     2.64575   -0.168622
         710         846     2293.47     3.16931           2     1.41421    -3.82627
         711         847     2296.64     3.17039          11     3.31662     1.02725
         712         848     2299.81     3.17148           7     2.64575   -0.288965
         713         849     2302.98     3.17256          11     3.31662    0.994835
         714         850     2306.15     3.17365           4           2    -1.80653
         715         851     2309.33     3.17473          11     3.31662     1.01456
         716         852      2312.5     3.17581           9           3    0.373327
         717         853     2315.68      3.1769          12      3.4641      1.1576
         718         854     2318.86     3.17798          10     3.16228    0.766438
         719         855     2322.03     3.17906          11     3.31662     1.06344
         720         856     2325.21     3.18015          10     3.16228    0.636622
         721         857     2328.39     3.18123           4           2    -2.16415
         722         858     2331.57     3.18231          11     3.31662     0.84779
         723         859     2334.76      3.1834           9           3    0.431348
         724         860     2337.94     3.18448           6     2.44949   -0.572612
         725         861     2341.12     3.18556          10     3.16228    0.804863
         726         862     2344.31     3.18665           9           3    0.496068
         727         863      2347.5     3.18773           9           3    0.415277
         728         864     2350.68     3.18881           6     2.44949   -0.850327
         729         865     2353.87      3.1899           4           2    -2.03388
         730         866     2357.06     3.19098           8     2.82843-0.000936334
         731         867     2360.25     3.19206          10     3.16228    0.689826
         732         868     2363.45     3.19315           3     1.73205    -2.54629
         733         869     2366.64     3.19423           5     2.23607     -1.0803
         734         870     2369.83     3.19531          11     3.31662    0.974198
         735         871     2373.03      3.1964           8     2.82843    0.050321
         736         872     2376.23     3.19748          12      3.4641     1.22219
         737         873     2379.42     3.19856           9           3    0.407672
         738         874     2382.62     3.19965           6     2.44949   -0.651838
         739         875     2385.82     3.20073           6     2.44949   -0.628291
         740         876     2389.02     3.20181           6     2.44949   -0.741084
         741         877     2392.22      3.2029           7     2.64575   -0.246379
         742         878     2395.43     3.20398          11     3.31662     1.09513
         743         879     2398.63     3.20506           5     2.23607    -1.08529
         744         880     2401.84     3.20615           8     2.82843    0.242194
         745         881     2405.04     3.20723           4           2    -1.57617
         746         882     2408.25     3.20831           4           2    -1.58605
         747         883     2411.46      3.2094           3     1.73205    -2.40601
         748         884     2414.67     3.21048           8     2.82843    0.312084
         749         885     2417.88     3.21156           8     2.82843    0.333824
         750         886     2421.09     3.21265           5     2.23607   -0.920605
         751         887      2424.3     3.21373           6     2.44949   -0.359063
         752         888     2427.51     3.21481           8     2.82843    0.495576
         753         889     2430.73      3.2159           4           2    -1.32126
         754         890     2433.95     3.21698           9           3    0.723938
         755         891     2437.16     3.21806           8     2.82843     0.45288
         756         892     2440.38     3.21915           4           2    -1.18006
         757         893      2443.6     3.22023           9           3    0.904274
         758         894     2446.82     3.22131           6     2.44949   -0.210647
         759         895     2450.04      3.2224           8     2.82843    0.486975
         760         896     2453.26     3.22348           5     2.23607   -0.625599
         761         897     2456.49     3.22457           3     1.73205    -1.74237
         762         898     2459.71     3.22565           5     2.23607   -0.355337
         763         899     2462.94     3.22673           7     2.64575    0.459555
         764         900     2466.16     3.22782           5     2.23607   -0.479957
         765         901     2469.39      3.2289           6     2.44949   -0.127634
         766         902     2472.62     3.22998           6     2.44949  -0.0232675
         767         903     2475.85     3.23107           7     2.64575    0.458788
         768         904     2479.08     3.23215           5     2.23607   -0.398743
         769         905     2482.31     3.23323           7     2.64575    0.439739
         770         906     2485.55     3.23432           8     2.82843    0.908895
         771         907     2488.78      3.2354           6     2.44949    0.267747
         772         908     2492.02     3.23648           3     1.73205    -1.44036
         773         909     2495.25     3.23757           6     2.44949    0.252844
         774         910     2498.49     3.23865           3     1.73205    -1.21363
         775         911     2501.73     3.23973           7     2.64575    0.748998
         776         912     2504.97     3.24082           4           2   -0.613976
         777         913     2508.21      3.2419           7     2.64575    0.644728
         778         914     2511.45     3.24298           5     2.23607  -0.0699338
         779         915     2514.69     3.24407           4           2   -0.471596
         780         916     2517.94     3.24515           2     1.41421    -1.84876
         781         917     2521.18     3.24623           9           3     1.57302
         782         918     2524.43     3.24732           4           2  -0.0900271
         783         919     2527.68      3.2484           3     1.73205   -0.785951
         784         920     2530.93     3.24948           3     1.73205   -0.773686
         785         921     2534.18     3.25057           8     2.82843     1.40482
         786         922     2537.43     3.25165           3     1.73205   -0.464823
         787         923     2540.68     3.25273           6     2.44949    0.907396
         788         924     2543.93     3.25382           1           1    -2.81371
         789         925     2547.18      3.2549           6     2.44949    0.921632
         790         926     2550.44     3.25598           6     2.44949    0.986323
         791         927      2553.7     3.25707           3     1.73205   -0.338609
         792         928     2556.95     3.25815           4           2    0.179601
         793         929     2560.21     3.25923           1           1    -2.57095
         794         930     2563.47     3.26032           4           2    0.232436
         795         931     2566.73      3.2614           8     2.82843     1.58894
         796         932     2569.99     3.26248           3     1.73205   -0.221919
         797         933     2573.25     3.26357           1           1    -2.14586
         798         934     2576.52     3.26465           4           2    0.550322
         799         935     2579.78     3.26573           3     1.73205   0.0688613
         800         936     2583.05     3.26682           2     1.41421   -0.595068
         801         937     2586.31      3.2679           5     2.23607     1.08619
         802         938     2589.58     3.26898           5     2.23607     1.15427
         803         939     2592.85     3.27007           4           2    0.771685
         804         940     2596.12     3.27115           2     1.41421   -0.368729
         805         941     2599.39     3.27223           3     1.73205    0.275995
         806         942     2602.67     3.27332           1           1    -1.41743
         807         943     2605.94      3.2744           1           1    -1.30415
         808         944     2609.21     3.27549           5     2.23607     1.20795
         809         945     2612.49     3.27657           2     1.41421   -0.245626
         810         946     2615.76     3.27765           2     1.41421   -0.199442
         811         947     2619.04     3.27874           4           2    0.957178
         812         948     2622.32     3.27982           0           0        -inf
         813         949      2625.6      3.2809           2     1.41421    0.075605
         814         950     2628.88     3.28199           0           0        -inf
         815         951     2632.16     3.28307           3     1.73205    0.733399
         816         952     2635.45     3.28415           1           1   -0.653346
         817         953     2638.73     3.28524           2     1.41421    0.259618
