0.10  0.000
0.20  0.001
0.30  0.002
0.40  0.003
0.50  0.004
0.60  0.005
0.70  0.007
0.80  0.009
0.90  0.011
1.00  0.013
1.10  0.015
1.20  0.018
1.30  0.020
1.40  0.023
1.50  0.026
1.60  0.029
1.70  0.031
1.80  0.034
1.90  0.037
2.00  0.040
2.10  0.044
2.20  0.047
2.30  0.050
2.40  0.053
2.50  0.056
2.60  0.059
2.70  0.062
2.80  0.065
2.90  0.068
3.00  0.072
3.10  0.075
3.20  0.078
3.30  0.080
3.40  0.083
3.50  0.086
3.60  0.089
3.70  0.092
3.80  0.094
3.90  0.097
4.00  0.099
4.10  0.102
4.20  0.104
4.30  0.106
4.40  0.108
4.50  0.111
4.60  0.113
4.70  0.114
4.80  0.116
4.90  0.118
5.00  0.120
5.10  0.121
5.20  0.122
5.30  0.124
5.40  0.125
5.50  0.126
5.60  0.127
5.70  0.128
5.80  0.129
5.90  0.129
6.00  0.130
6.10  0.130
6.20  0.131
6.30  0.131
6.40  0.131
6.50  0.131
6.60  0.131
6.70  0.131
6.80  0.131
6.90  0.130
7.00  0.130
7.10  0.129
7.20  0.128
7.30  0.128
7.40  0.127
7.50  0.126
7.60  0.125
7.70  0.124
7.80  0.122
7.90  0.121
8.00  0.120
8.10  0.118
8.20  0.117
8.30  0.115
8.40  0.113
8.50  0.112
8.60  0.110
8.70  0.108
8.80  0.106
8.90  0.104
9.00  0.102
9.10  0.100
9.20  0.097
9.30  0.095
9.40  0.093
9.50  0.091
9.60  0.088
9.70  0.086
9.80  0.083
9.90  0.081
10.00  0.078
10.10  0.076
10.20  0.073
10.30  0.071
10.40  0.068
10.50  0.066
10.60  0.063
10.70  0.061
10.80  0.058
10.90  0.056
11.00  0.053
11.10  0.051
11.20  0.048
11.30  0.046
11.40  0.043
11.50  0.041
11.60  0.039
11.70  0.036
11.80  0.034
11.90  0.032
12.00  0.030
12.10  0.028
12.20  0.025
12.30  0.023
12.40  0.022
12.50  0.020
12.60  0.018
12.70  0.016
12.80  0.015
12.90  0.013
13.00  0.012
13.10  0.010
13.20  0.009
13.30  0.008
13.40  0.007
13.50  0.006
13.60  0.005
13.70  0.004
13.80  0.003
13.90  0.003
14.00  0.002
14.10  0.002
14.20  0.001
14.30  0.001
14.40  0.001
14.50  0.001
14.60  0.000
14.70  0.000
14.80  0.000
14.90  0.000
15.00  0.000
15.10  0.000
15.20  0.000
15.30  0.000
15.40  0.000
15.50  0.000
