0.859630   0.000000e+00
0.859730   0.000000e+00
0.859830   1.000000e-02
0.859930   4.000000e-02
0.860030   1.200000e-01
0.860130   3.200000e-01
0.860230   8.200000e-01
0.860330   1.970000e+00
0.860430   4.420000e+00
0.860530   9.280000e+00
0.860630   1.825000e+01
0.860730   3.359000e+01
0.860830   5.787000e+01
0.860930   9.338000e+01
0.861030   1.411500e+02
0.861130   2.001400e+02
0.861230   2.666600e+02
0.861330   3.344800e+02
0.861430   3.962900e+02
0.861530   4.451700e+02
0.861630   4.766200e+02
0.861730   4.893300e+02
0.861830   4.851500e+02
0.861930   4.680700e+02
0.862030   4.428500e+02
0.862130   4.137500e+02
0.862230   3.839000e+02
0.862330   3.551900e+02
0.862430   3.284600e+02
0.862530   3.039600e+02
0.862630   2.815300e+02
0.862730   2.609600e+02
0.862830   2.420400e+02
0.862930   2.245600e+02
0.863030   2.083800e+02
0.863130   1.933900e+02
0.863230   1.794600e+02
0.863330   1.665500e+02
0.863430   1.545500e+02
0.863530   1.434200e+02
0.863630   1.330800e+02
0.863730   1.234700e+02
0.863830   1.145500e+02
0.863930   1.062700e+02
0.864030   9.858000e+01
0.864130   9.145000e+01
0.864230   8.482000e+01
0.864330   7.867000e+01
0.864430   7.295000e+01
0.864530   6.765000e+01
0.864630   6.274000e+01
0.864730   5.817000e+01
0.864830   5.394000e+01
0.864930   5.001000e+01
0.865030   4.636000e+01
0.865130   4.298000e+01
0.865230   3.984000e+01
0.865330   3.693000e+01
0.865430   3.423000e+01
0.865530   3.173000e+01
0.865630   2.941000e+01
0.865730   2.726000e+01
0.865830   2.526000e+01
0.865930   2.341000e+01
0.866030   2.169000e+01
0.866130   2.010000e+01
0.866230   1.863000e+01
0.866330   1.726000e+01
0.866430   1.600000e+01
0.866530   1.482000e+01
0.866630   1.373000e+01
0.866730   1.272000e+01
0.866830   1.179000e+01
0.866930   1.092000e+01
0.867030   1.012000e+01
0.867130   9.370000e+00
0.867230   8.680000e+00
0.867330   8.050000e+00
0.867430   7.450000e+00
0.867530   6.900000e+00
0.867630   6.400000e+00
0.867730   5.920000e+00
0.867830   5.490000e+00
0.867930   5.080000e+00
0.868030   4.710000e+00
0.868130   4.360000e+00
0.868230   4.040000e+00
0.868330   3.740000e+00
0.868430   3.470000e+00
0.868530   3.210000e+00
0.868630   2.970000e+00
0.868730   2.750000e+00
