0.383490   0.000000e+00
0.383590   0.000000e+00
0.383690   2.000000e-02
0.383790   2.200000e-01
0.383890   1.870000e+00
0.383990   1.152000e+01
0.384090   5.065000e+01
0.384190   1.585500e+02
0.384290   3.544200e+02
0.384390   5.741700e+02
0.384490   6.984100e+02
0.384590   6.843100e+02
0.384690   6.002300e+02
0.384790   5.212700e+02
0.384890   4.671500e+02
0.384990   4.284100e+02
0.385090   3.961800e+02
0.385190   3.672000e+02
0.385290   3.406000e+02
0.385390   3.160300e+02
0.385490   2.933000e+02
0.385590   2.722400e+02
0.385690   2.527100e+02
0.385790   2.346000e+02
0.385890   2.177800e+02
0.385990   2.021600e+02
0.386090   1.876500e+02
0.386190   1.741800e+02
0.386290   1.616600e+02
0.386390   1.500400e+02
0.386490   1.392400e+02
0.386590   1.292100e+02
0.386690   1.198900e+02
0.386790   1.112400e+02
0.386890   1.032000e+02
0.386990   9.574000e+01
0.387090   8.881000e+01
0.387190   8.238000e+01
0.387290   7.641000e+01
0.387390   7.087000e+01
0.387490   6.573000e+01
0.387590   6.095000e+01
0.387690   5.652000e+01
0.387790   5.241000e+01
0.387890   4.859000e+01
0.387990   4.505000e+01
0.388090   4.177000e+01
0.388190   3.872000e+01
0.388290   3.590000e+01
0.388390   3.328000e+01
0.388490   3.085000e+01
0.388590   2.859000e+01
0.388690   2.650000e+01
0.388790   2.457000e+01
0.388890   2.277000e+01
0.388990   2.110000e+01
0.389090   1.956000e+01
0.389190   1.812000e+01
0.389290   1.679000e+01
0.389390   1.556000e+01
0.389490   1.442000e+01
0.389590   1.336000e+01
0.389690   1.238000e+01
0.389790   1.147000e+01
0.389890   1.063000e+01
0.389990   9.850000e+00
0.390090   9.130000e+00
0.390190   8.460000e+00
0.390290   7.830000e+00
0.390390   7.260000e+00
0.390490   6.730000e+00
0.390590   6.230000e+00
0.390690   5.770000e+00
0.390790   5.350000e+00
0.390890   4.950000e+00
0.390990   4.590000e+00
0.391090   4.250000e+00
0.391190   3.940000e+00
0.391290   3.650000e+00
0.391390   3.380000e+00
0.391490   3.130000e+00
0.391590   2.900000e+00
0.391690   2.690000e+00
