1.438330   0.000000e+00
1.438430   0.000000e+00
1.438530   1.000000e-02
1.438630   4.000000e-02
1.438730   1.200000e-01
1.438830   3.200000e-01
1.438930   8.200000e-01
1.439030   1.970000e+00
1.439130   4.420000e+00
1.439230   9.280000e+00
1.439330   1.825000e+01
1.439430   3.359000e+01
1.439530   5.787000e+01
1.439630   9.338000e+01
1.439730   1.411500e+02
1.439830   2.001400e+02
1.439930   2.666600e+02
1.440030   3.344800e+02
1.440130   3.962900e+02
1.440230   4.451700e+02
1.440330   4.766200e+02
1.440430   4.893300e+02
1.440530   4.851500e+02
1.440630   4.680700e+02
1.440730   4.428500e+02
1.440830   4.137500e+02
1.440930   3.839000e+02
1.441030   3.551900e+02
1.441130   3.284600e+02
1.441230   3.039600e+02
1.441330   2.815300e+02
1.441430   2.609600e+02
1.441530   2.420400e+02
1.441630   2.245600e+02
1.441730   2.083800e+02
1.441830   1.933900e+02
1.441930   1.794600e+02
1.442030   1.665500e+02
1.442130   1.545500e+02
1.442230   1.434200e+02
1.442330   1.330800e+02
1.442430   1.234700e+02
1.442530   1.145500e+02
1.442630   1.062700e+02
1.442730   9.858000e+01
1.442830   9.145000e+01
1.442930   8.482000e+01
1.443030   7.867000e+01
1.443130   7.295000e+01
1.443230   6.765000e+01
1.443330   6.274000e+01
1.443430   5.817000e+01
1.443530   5.394000e+01
1.443630   5.001000e+01
1.443730   4.636000e+01
1.443830   4.298000e+01
1.443930   3.984000e+01
1.444030   3.693000e+01
1.444130   3.423000e+01
1.444230   3.173000e+01
1.444330   2.941000e+01
1.444430   2.726000e+01
1.444530   2.526000e+01
1.444630   2.341000e+01
1.444730   2.169000e+01
1.444830   2.010000e+01
1.444930   1.863000e+01
1.445030   1.726000e+01
1.445130   1.600000e+01
1.445230   1.482000e+01
1.445330   1.373000e+01
1.445430   1.272000e+01
1.445530   1.179000e+01
1.445630   1.092000e+01
1.445730   1.012000e+01
1.445830   9.370000e+00
1.445930   8.680000e+00
1.446030   8.050000e+00
1.446130   7.450000e+00
1.446230   6.900000e+00
1.446330   6.400000e+00
1.446430   5.920000e+00
1.446530   5.490000e+00
1.446630   5.080000e+00
1.446730   4.710000e+00
1.446830   4.360000e+00
1.446930   4.040000e+00
1.447030   3.740000e+00
1.447130   3.470000e+00
1.447230   3.210000e+00
1.447330   2.970000e+00
1.447430   2.750000e+00
